12	12	53	54	54	57	54	12	12	11	57	11	57	54	56	12	12	11	11	57	12	8	9	57	5	54	54	8	57	9	12	54	53	54	54	54	12	56	57	12	9	54	57	54	11	57	9	12	8	9	12	56	11	57	8	9	57	9	56	9	11	57	12	57	12	56	57	11	12	56	9	9	56	57	57	12	12	8	12	54	9	9	56	54	56	54	57	12	57	12	9	57	57	11	12	57	53	11	11	8	56	57	56	57	12	11	12	8	12	54	57	12	9	11	12	9	54	57	11	9	54	9	12	12	9	8	11	12	11	9	54	12	56	56	9	12	54	54	12	8	9	8	54	9	54	56	8	57	11	8	12	57	12	54	12	57	12	12	12	8	9	11	11	53	57	9	8	57	54	11	11	8	57	11	9	56	12	57	9	53	8	9	8	11	9	9	57	54	56	12	12	57	9	11	11	9	9	8	11	11
21	24	18	20	22	14	20	60	64	30	21	73	19	15	18	17	20	74	18	21	18	19	17	60	19	19	20	23	18	28	19	27	16	21	19	19	19	16	21	71	64	17	18	24	17	21	19	64	16	71	64	18	63	21	18	63	21	73	20	23	63	23	18	23	17	25	20	18	22	59	16	27	21	21	15	28	65	70	66	25	19	29	62	15	19	67	21	25	17	69	62	69	20	33	16	60	18	24	18	21	62	21	20	19	20	15	18	22	19	15	17	24	21	64	21	25	64	21	65	24	15	76	17	23	16	30	16	29	20	21	20	60	62	19	19	27	20	64	20	69	63	23	20	61	21	20	20	23	63	66	21	21	20	23	17	18	18	25	65	24	17	32	64	15	20	72	18	22	20	74	17	26	17	67	20	14	19	20	19	20	17	61	60	75	64	25	18	31	61	66	18	27	19	74	18	32	64	21	17	67
21	28	22	30	26	32	24	33	26	75	22	72	20	71	71	33	75	43	74	29	67	35	32	35	31	30	23	75	23	35	21	28	18	23	25	31	21	30	75	39	20	23	23	31	26	34	27	39	23	38	29	28	27	36	24	29	28	31	75	81	21	32	29	36	33	29	25	78	25	27	32	32	74	32	68	39	28	32	73	31	26	37	25	71	27	30	24	36	30	35	22	33	28	44	23	34	25	68	76	38	21	30	27	26	26	31	34	79	21	35	32	41	26	30	27	39	31	34	28	27	28	79	73	45	25	44	26	80	25	32	27	27	21	77	71	38	24	29	65	27	25	75	78	25	68	29	72	86	21	79	23	27	27	71	73	25	72	52	73	29	33	91	22	31	26	77	21	36	31	31	66	33	33	27	70	23	23	31	20	25	73	25	23	73	23	27	23	31	27	34	29	46	46	43	26	39	67	31	26	32
80	53	27	35	35	31	75	36	48	33	23	33	28	36	30	88	36	41	37	36	76	40	33	40	77	45	37	80	41	45	32	47	33	32	28	80	32	42	32	80	36	30	34	46	30	82	40	39	36	83	36	40	23	40	24	40	75	44	45	79	35	40	42	43	39	32	34	41	69	43	38	30	38	36	30	47	77	44	34	39	77	52	34	36	80	48	70	50	35	42	33	33	33	44	35	36	27	40	44	81	25	80	43	80	41	32	101	38	32	44	28	42	32	33	35	43	29	82	33	37	30	36	67	57	36	58	80	46	34	34	31	36	27	40	70	90	75	38	32	40	56	80	36	36	25	35	26	41	77	50	33	34	97	43	75	27	75	88	37	73	46	63	33	92	28	34	85	48	87	92	25	75	38	39	34	41	30	48	31	34	31	42	33	29	35	34	25	40	22	44	77	63	35	42	81	49	38	42	32	46
43	50	53	41	26	82	39	43	37	42	74	50	24	36	50	39	33	55	84	51	38	52	39	58	39	41	37	49	40	97	38	66	94	57	56	36	38	51	47	46	78	45	87	51	44	52	38	37	82	49	48	46	36	46	88	54	34	82	43	34	35	79	92	86	56	40	79	95	30	35	40	46	39	39	34	54	37	43	33	34	86	53	39	36	41	40	41	100	86	102	39	49	45	56	35	37	79	50	54	51	40	46	94	50	86	57	49	90	38	40	41	50	79	52	85	49	37	52	76	102	29	41	38	104	32	107	40	87	42	92	44	34	26	31	39	51	40	44	81	104	48	49	32	44	40	36	25	46	45	35	84	54	42	40	46	35	45	39	41	44	38	100	45	40	29	43	55	86	38	51	48	37	47	34	39	38	32	40	44	47	32	32	34	40	39	43	38	51	40	47	45	100	38	56	40	96	40	46	41	97
44	112	50	44	46	50	50	43	40	46	55	47	37	46	47	96	40	55	35	100	40	99	35	59	93	52	43	49	52	90	74	69	59	47	47	43	74	67	50	38	50	34	47	84	40	51	84	53	84	43	62	41	79	96	39	42	44	45	39	39	47	46	108	45	70	43	43	46	38	53	48	92	40	85	50	93	39	48	52	84	40	40	39	47	46	35	62	57	34	54	33	63	43	85	92	66	41	56	50	40	32	44	39	45	58	55	56	49	74	101	51	52	49	42	49	43	31	51	69	92	40	49	62	58	57	82	92	55	62	67	57	40	36	52	26	50	48	46	60	56	47	49	44	53	57	45	33	54	39	57	84	54	47	42	48	84	45	39	44	41	50	55	40	36	28	39	62	40	41	52	43	91	50	70	48	47	80	47	33	56	44	49	82	64	83	107	44	56	40	42	52	57	98	113	50	62	33	47	42	52
104	107	76	91	35	50	58	42	95	94	54	52	105	61	57	34	94	102	57	55	62	56	82	65	68	90	47	61	64	78	37	111	52	37	56	58	38	55	56	45	53	36	58	58	45	58	43	92	42	41	54	34	47	49	44	92	39	43	46	40	34	53	54	48	99	51	38	56	87	68	59	56	65	48	54	103	47	93	56	67	41	83	40	49	57	54	54	112	42	47	47	46	56	38	86	61	61	103	93	58	40	54	43	39	106	86	49	56	51	63	52	53	54	47	47	86	35	59	59	40	32	59	59	109	45	67	43	61	57	62	57	38	46	46	29	90	49	44	57	59	99	78	49	97	56	91	47	61	35	66	42	49	103	47	56	41	49	53	52	37	45	49	41	60	75	56	57	49	56	62	45	42	56	91	41	56	88	48	90	76	84	110	40	46	67	57	47	94	41	49	41	56	75	63	59	69	53	59	43	64
48	67	81	54	34	48	71	78	42	34	48	51	60	45	49	30	54	42	51	62	45	105	37	53	69	32	88	72	51	58	54	50	48	89	102	54	60	91	66	48	34	95	40	53	100	96	48	35	41	46	93	41	48	38	61	44	44	39	31	31	90	47	57	26	54	35	45	47	31	60	86	66	44	41	54	58	68	64	52	63	61	41	29	33	52	50	51	82	42	47	45	46	97	65	40	51	52	45	42	96	44	44	43	36	66	86	60	43	57	59	49	115	109	48	59	36	34	74	52	42	89	56	65	44	48	107	56	59	96	119	99	115	45	42	58	40	44	48	52	48	49	64	49	51	66	51	49	45	46	57	39	93	57	37	44	33	61	95	42	46	61	58	99	41	55	48	54	42	43	46	34	35	116	66	40	37	42	42	78	67	49	64	55	41	49	57	44	46	41	78	34	66	71	49	86	47	38	91	49	74
47	88	109	41	92	54	76	24	44	32	48	37	60	29	49	34	43	46	45	42	63	56	84	52	48	61	49	59	100	71	41	35	45	47	58	38	62	48	43	30	48	52	23	40	86	91	40	41	48	51	47	28	48	36	55	36	43	29	34	31	51	35	57	36	56	34	38	57	33	39	92	67	35	45	34	58	58	53	51	47	51	27	22	41	56	35	51	33	41	46	37	54	47	58	32	44	52	33	41	46	42	37	44	33	60	45	95	39	40	37	56	59	46	42	55	36	28	44	52	40	50	46	61	35	133	43	24	47	106	53	50	59	46	29	59	40	55	48	39	48	60	43	38	41	47	32	79	46	49	58	50	72	62	28	45	33	64	48	35	85	89	55	43	42	33	23	84	44	59	37	41	39	59	57	80	36	29	60	26	37	35	32	34	31	46	33	40	44	36	30	96	62	59	42	44	39	36	86	100	58
46	61	63	31	42	54	37	33	35	24	43	30	59	35	48	55	51	42	34	32	41	60	42	40	43	44	36	35	43	35	32	36	39	55	54	34	51	30	54	35	45	40	22	42	41	74	30	50	24	38	51	30	48	34	58	29	42	49	31	30	41	31	56	46	55	36	32	41	33	32	50	52	32	45	35	58	46	33	50	38	51	35	22	35	34	35	56	28	41	49	39	40	41	110	40	41	48	40	36	33	37	39	44	36	55	40	36	32	32	38	92	49	45	43	52	48	28	31	41	32	49	52	56	35	99	43	28	43	56	50	37	40	46	51	53	45	52	48	34	33	60	53	42	39	28	31	52	36	40	47	35	58	57	27	44	30	50	42	29	50	78	39	34	42	29	31	51	37	45	47	36	41	61	44	35	31	36	87	25	53	39	33	23	23	34	44	54	44	34	35	36	35	55	41	61	39	27	30	49	46
46	57	45	36	33	38	39	32	31	31	43	49	59	45	38	60	44	41	24	36	35	55	24	47	24	43	40	44	43	39	31	34	45	53	58	40	48	30	33	34	42	40	37	43	43	50	33	44	25	39	46	29	48	36	90	35	33	48	35	23	31	43	37	38	50	36	33	34	32	32	33	50	32	45	33	58	47	38	40	51	51	41	26	45	34	35	52	38	33	57	30	39	52	65	19	32	42	41	36	31	38	43	34	40	51	43	47	47	37	41	42	66	47	43	45	37	28	30	43	32	50	47	61	41	75	33	43	32	54	43	36	19	47	31	40	40	42	48	43	41	51	53	42	41	29	48	31	44	30	47	23	56	43	31	54	30	48	21	30	39	41	47	25	25	41	24	33	36	37	47	41	41	46	34	29	30	39	32	25	32	26	43	31	35	40	39	54	45	34	38	24	41	55	36	50	35	22	51	103	43
46	59	44	46	50	32	30	32	31	30	25	48	50	64	50	60	38	44	24	30	35	33	32	62	25	43	30	28	45	33	27	39	35	53	53	44	31	23	23	44	39	32	36	44	44	56	25	47	46	32	43	34	48	36	45	29	44	49	38	36	32	44	49	42	64	39	34	35	32	43	40	51	37	42	35	57	47	30	54	65	51	41	27	44	34	35	45	29	49	57	35	39	51	55	40	27	41	43	43	30	30	48	44	35	42	65	43	44	46	37	48	48	37	33	40	33	26	28	51	23	50	48	54	41	47	33	54	34	53	41	33	41	45	45	44	30	49	48	42	44	35	57	42	42	30	36	31	43	38	46	37	58	51	23	52	55	45	20	24	51	38	31	26	25	50	25	30	36	31	47	35	45	56	32	21	28	34	32	45	33	30	32	35	31	23	41	83	56	35	39	23	37	46	44	41	29	32	57	43	34
35	51	41	32	50	40	27	29	32	47	25	48	48	67	27	38	33	44	27	32	24	28	32	57	25	49	29	40	44	43	27	39	28	44	53	45	50	24	23	36	34	32	36	41	40	24	38	45	35	25	46	42	38	34	43	28	37	53	45	36	32	44	40	41	59	38	35	40	24	56	46	51	37	42	33	48	48	29	37	59	51	41	30	47	34	35	55	37	43	54	35	39	33	56	40	25	22	26	44	28	30	46	44	23	42	54	24	42	46	35	27	50	37	39	43	40	20	37	38	31	52	49	42	32	33	32	33	32	46	45	32	41	52	35	45	34	52	48	42	47	36	54	41	44	20	34	34	46	30	33	44	57	51	24	52	57	44	31	31	44	44	27	35	46	41	30	32	35	34	47	33	57	56	37	21	27	31	35	36	25	31	39	34	31	33	48	27	56	33	38	28	41	37	36	36	21	41	50	41	32
45	58	37	42	34	42	32	29	31	54	25	48	49	43	29	49	32	45	25	35	26	30	31	50	25	52	31	39	36	46	31	39	30	45	52	45	27	29	20	42	32	32	36	41	24	33	24	42	34	26	26	34	43	40	42	27	37	54	45	36	32	44	21	35	52	44	31	39	32	41	37	36	37	42	35	37	50	33	37	59	51	34	27	46	34	35	51	31	44	58	35	39	43	43	39	23	31	26	43	28	30	44	40	34	42	35	34	37	57	42	32	44	34	31	43	40	18	46	47	26	47	49	38	41	33	32	54	35	46	44	32	32	44	36	53	42	48	48	44	46	35	57	44	50	23	39	34	36	38	36	35	56	49	36	42	51	42	23	22	45	53	27	31	33	41	43	47	35	34	48	29	48	56	37	21	31	31	52	28	25	38	47	34	31	32	47	31	48	33	35	27	41	38	42	36	21	29	33	44	32
34	54	33	35	51	42	33	31	31	52	25	48	50	61	28	58	41	45	31	40	24	30	23	42	28	33	35	40	37	37	25	39	31	58	52	45	31	29	24	46	31	32	36	41	25	42	29	31	50	23	34	34	31	41	42	26	29	30	45	36	32	44	25	35	46	35	31	48	48	33	34	44	37	42	33	44	47	29	37	59	51	40	27	49	34	35	50	32	26	65	35	40	43	51	39	34	22	49	47	28	31	34	40	34	38	27	29	37	57	43	31	51	38	40	49	40	18	46	50	26	49	47	34	31	33	32	54	35	45	52	32	41	40	36	45	44	51	48	35	36	38	54	29	42	25	40	24	44	38	35	34	37	31	36	47	57	37	22	21	41	44	31	31	33	42	45	46	35	32	46	31	54	56	37	28	31	28	27	34	25	35	47	34	31	35	63	43	37	24	31	28	41	42	42	35	31	31	33	43	32
34	60	27	35	51	42	32	47	31	47	25	48	41	48	28	52	40	25	30	39	25	38	37	41	24	42	30	40	37	44	30	37	34	58	52	45	34	29	27	40	36	32	36	41	25	42	36	28	50	23	34	31	38	48	42	24	33	35	45	36	32	44	32	31	43	43	25	39	57	29	36	43	37	42	32	42	46	24	37	59	51	35	27	47	34	35	46	32	27	61	35	40	43	44	38	36	22	49	41	28	36	24	39	47	38	34	29	43	57	37	32	51	43	41	49	40	18	46	48	24	40	58	34	31	33	32	54	35	40	52	32	32	40	36	48	44	51	47	34	32	29	53	34	29	25	44	24	41	38	42	53	37	31	36	44	57	46	24	29	41	48	38	22	33	22	45	43	35	43	46	29	33	56	37	28	31	34	33	34	29	34	45	34	26	25	54	41	32	37	31	27	32	43	49	35	25	36	33	63	25
36	51	24	25	51	42	39	47	37	28	25	48	41	69	33	58	46	25	31	45	25	38	25	48	32	41	30	40	37	44	53	37	32	58	52	45	44	29	26	34	24	32	36	41	26	38	33	34	50	23	30	27	44	42	43	33	39	28	45	36	32	44	28	37	32	31	25	39	52	27	34	44	37	42	32	39	46	29	37	59	51	35	27	46	34	35	37	32	39	61	49	40	50	44	37	30	26	26	43	28	36	25	41	47	38	35	29	33	57	33	32	42	38	43	43	40	18	46	39	24	40	58	34	48	33	32	54	35	33	52	32	41	40	36	48	33	51	47	32	30	22	38	42	36	25	45	32	41	38	39	53	37	31	36	48	57	48	31	29	41	45	38	35	49	32	46	47	35	43	46	26	33	56	37	28	31	32	28	39	29	30	45	33	26	35	52	43	32	52	30	25	25	42	51	36	32	36	34	56	31
38	56	31	31	51	42	39	47	35	42	25	48	41	69	37	48	46	25	33	36	25	38	43	43	36	41	30	40	37	44	55	37	35	66	52	45	40	29	37	28	31	28	36	41	26	48	25	23	50	23	30	37	32	41	43	39	47	38	45	36	32	44	31	45	40	28	25	39	46	25	34	44	37	42	35	47	51	28	37	59	51	35	27	54	34	35	44	22	44	49	49	44	36	55	37	30	35	38	39	21	34	21	41	47	38	28	29	42	43	49	35	42	45	36	49	40	18	46	47	46	40	58	43	33	33	32	54	35	33	52	32	32	40	36	53	47	51	47	29	39	26	34	45	35	27	37	39	38	32	39	53	37	31	36	43	56	27	24	29	41	45	30	26	46	36	48	46	35	43	46	30	37	56	37	28	31	30	29	37	37	48	33	37	26	42	59	47	32	60	31	30	26	48	49	35	32	37	32	55	28
32	35	27	21	50	36	39	47	35	42	25	48	41	69	29	50	46	25	28	39	25	29	38	33	34	41	30	35	33	44	55	37	43	66	52	45	44	29	36	32	31	28	36	41	27	35	44	18	50	23	31	33	37	43	43	37	47	45	45	36	32	44	31	28	38	34	25	39	42	21	34	42	37	42	33	56	48	19	37	59	51	35	29	51	34	35	44	22	39	49	49	44	47	62	37	30	26	44	44	36	39	19	26	53	41	26	29	45	43	45	33	43	44	32	49	40	18	46	44	56	40	58	37	33	33	32	54	35	33	52	32	41	40	36	48	47	51	47	22	39	33	34	42	35	28	43	38	35	32	45	53	37	49	36	44	56	25	36	29	41	44	27	26	46	35	36	43	35	43	46	42	32	56	37	28	31	29	29	40	36	49	34	46	26	42	50	42	47	60	31	23	37	51	47	35	23	37	42	55	19
36	39	25	23	49	45	39	39	35	46	25	48	41	69	39	38	46	25	32	39	27	35	39	36	27	40	30	35	30	37	48	45	39	63	52	45	40	29	36	27	23	37	36	41	28	42	44	11	50	23	31	29	39	36	43	34	48	45	45	36	32	44	24	37	29	31	24	40	41	19	33	40	37	42	30	37	50	16	37	59	51	27	27	51	34	35	42	21	39	49	49	42	36	53	37	30	26	44	47	36	42	22	28	47	40	24	30	45	44	44	31	56	39	35	43	40	18	46	38	56	40	58	37	33	33	32	54	35	33	42	32	32	40	36	48	47	51	47	23	42	33	34	40	31	25	43	34	23	32	44	53	37	31	36	41	57	22	36	21	41	54	33	26	46	29	42	47	35	43	46	26	33	56	37	28	31	40	30	37	35	49	39	54	26	42	54	27	46	60	31	39	31	42	53	34	32	33	47	53	22
36	42	33	23	42	48	46	42	26	39	25	48	41	69	31	35	46	25	32	35	27	41	37	27	25	40	32	35	33	42	31	56	39	39	52	45	44	29	38	22	44	32	36	41	33	33	57	0	50	23	30	30	42	37	43	46	48	38	45	36	32	44	34	36	24	32	25	39	52	22	31	36	37	42	34	41	43	10	37	59	51	21	29	51	34	35	40	19	39	49	55	42	47	54	37	30	26	43	53	29	48	21	25	55	40	17	30	45	46	44	31	55	44	35	49	40	22	45	39	38	40	58	37	33	33	32	54	35	36	33	32	41	40	36	48	47	51	47	31	42	33	34	41	39	29	44	39	30	32	46	53	37	31	36	44	57	23	32	21	47	47	23	26	46	29	33	46	35	43	46	32	29	56	37	28	31	40	29	32	36	49	39	55	26	35	48	29	46	60	31	25	30	48	51	34	26	33	47	58	23
0	0	48	23	35	53	52	42	33	39	25	48	41	69	23	31	46	25	35	40	31	41	49	24	26	40	33	35	33	42	31	58	32	42	52	45	40	29	46	21	51	32	36	41	35	25	0	0	50	23	31	36	39	38	43	46	47	40	45	36	32	44	34	28	40	25	30	48	53	21	35	40	37	42	26	36	38	0	37	59	36	33	20	51	34	35	51	22	39	49	57	42	47	59	37	30	26	43	58	29	48	24	34	46	38	10	30	45	43	39	31	48	41	35	49	40	20	45	46	35	40	58	37	33	33	32	54	35	36	37	32	32	40	33	48	47	51	47	39	42	33	34	35	28	33	35	40	20	32	44	53	37	31	36	43	57	22	29	21	46	54	20	26	36	38	33	43	35	43	46	29	37	56	37	28	31	47	29	30	44	49	49	50	26	35	35	28	46	51	31	44	25	47	50	26	30	33	47	56	25
0	0	48	16	33	36	55	42	36	39	25	48	41	69	32	28	46	25	31	38	31	41	48	19	27	40	34	35	30	44	31	41	17	48	52	45	44	29	45	22	51	32	36	41	53	21	0	0	50	23	30	38	41	36	43	46	57	40	45	36	32	44	36	16	33	20	37	39	50	22	36	40	37	42	27	46	0	0	37	59	47	33	30	51	34	35	49	21	39	49	56	42	48	63	37	30	26	43	50	49	61	25	30	38	53	0	30	45	46	45	32	45	42	35	43	40	20	45	45	33	40	58	37	33	33	32	54	35	36	37	32	41	40	29	48	47	51	47	38	42	33	34	31	23	28	33	38	22	32	35	53	37	31	36	42	57	42	21	28	47	56	16	33	35	38	41	47	35	43	46	25	27	56	37	28	31	48	29	29	43	49	49	51	26	34	41	31	46	56	30	42	21	50	50	27	23	33	47	61	17
0	0	48	23	37	35	58	42	28	39	25	48	41	69	41	24	46	25	31	38	31	41	47	11	26	40	29	29	31	45	32	37	19	50	52	45	40	29	44	21	55	32	36	41	54	31	0	0	50	23	24	29	38	26	43	46	60	33	45	36	32	44	36	11	37	18	37	39	54	21	36	40	37	42	29	46	0	0	37	59	55	30	32	51	34	35	58	16	39	49	55	42	48	63	37	30	26	32	43	48	53	17	33	44	0	0	30	45	47	41	38	33	36	36	49	40	20	45	49	31	40	58	37	33	33	32	54	35	36	37	32	32	40	32	48	47	51	47	38	42	33	34	42	19	30	29	45	31	32	37	53	37	31	36	41	55	47	19	28	47	51	11	35	35	37	30	46	35	43	46	33	30	56	37	28	31	46	29	24	37	49	49	49	26	32	41	29	46	62	37	44	26	48	48	26	24	33	47	62	19
0	0	48	23	38	46	58	42	29	39	25	48	41	69	49	19	46	25	31	38	31	41	47	0	28	40	33	29	31	34	33	35	11	47	52	45	44	29	47	22	55	34	36	41	29	30	0	0	50	23	28	27	31	21	43	46	59	40	45	36	32	44	23	14	40	12	37	39	53	22	36	40	37	42	20	54	0	0	37	59	49	29	32	51	34	35	49	17	39	43	55	42	37	63	37	30	31	31	43	38	59	11	27	37	0	0	30	45	49	27	32	30	35	33	49	40	20	45	45	38	40	58	37	33	33	32	54	35	36	37	32	41	42	45	48	47	51	47	38	42	33	34	35	18	30	33	46	31	32	39	53	37	31	36	42	44	47	25	28	47	56	0	38	31	37	26	43	35	43	46	30	29	56	37	28	31	48	29	24	40	49	49	59	29	32	41	28	46	62	39	44	19	48	53	23	27	33	47	47	19
0	0	48	16	0	0	55	42	29	39	25	48	41	69	48	11	46	25	31	38	35	41	0	0	25	40	30	38	35	33	36	33	7	41	52	45	40	29	49	16	55	33	36	41	34	30	0	0	50	23	28	19	27	19	43	46	60	37	45	36	32	44	30	13	35	0	37	39	53	21	36	40	37	42	23	54	0	0	37	59	32	33	32	51	34	35	54	15	39	43	56	42	48	63	37	30	37	36	43	47	55	0	34	43	0	0	30	45	42	23	30	29	35	33	43	40	20	45	37	28	40	58	37	33	33	32	54	35	36	37	32	32	42	45	48	47	51	47	38	29	33	34	29	11	28	22	46	34	32	43	53	37	49	36	43	39	46	17	28	47	0	0	40	28	41	11	47	35	43	46	33	30	56	37	28	31	46	29	27	35	49	49	49	25	32	41	31	46	53	31	44	22	35	45	25	17	33	47	51	18
0	0	48	23	0	0	54	42	29	39	25	48	41	69	37	13	46	25	31	38	33	38	0	0	25	40	30	41	51	29	33	30	7	37	52	45	44	29	44	15	49	32	36	41	34	20	0	0	50	23	26	22	37	22	43	46	60	30	45	36	32	44	22	13	0	0	39	40	51	22	36	40	37	42	14	55	0	0	37	59	49	23	28	46	34	35	44	10	38	44	56	42	48	63	37	30	38	36	49	42	0	0	25	48	0	0	30	45	41	20	30	36	35	33	49	40	20	45	43	24	40	58	37	33	33	32	54	35	36	37	32	41	42	37	48	47	51	47	36	36	33	34	31	12	40	31	45	34	32	46	53	37	31	36	48	35	42	11	28	47	0	0	37	24	33	0	45	35	43	46	30	29	56	37	28	31	46	29	26	39	49	49	44	31	32	41	30	46	40	36	40	21	32	54	27	10	33	47	51	11
0	0	48	23	0	0	54	42	0	0	25	48	41	69	37	0	46	25	31	38	35	38	0	0	26	40	28	43	52	39	43	30	0	0	52	45	40	29	43	15	45	35	36	41	36	16	0	0	50	23	40	16	50	21	43	46	56	37	45	36	32	44	23	13	0	0	30	40	53	21	36	40	37	42	16	55	0	0	37	59	46	27	28	45	34	35	37	0	43	43	57	42	48	63	37	30	38	44	47	45	0	0	25	51	0	0	30	45	41	24	21	43	35	33	49	40	20	45	51	26	40	58	37	33	33	32	54	35	36	37	32	32	40	25	48	47	51	47	30	39	33	34	20	0	37	31	44	24	32	50	53	37	31	36	49	24	38	0	28	47	0	0	37	26	0	0	47	35	43	46	33	30	56	37	28	31	50	29	20	33	49	49	38	31	32	41	28	46	59	34	45	16	32	54	36	0	33	47	48	0
0	0	48	16	0	0	53	42	0	0	25	49	41	69	0	0	46	25	31	38	31	38	0	0	25	40	21	43	0	0	45	30	0	0	52	45	44	29	44	15	45	35	36	41	36	24	0	0	50	23	42	16	47	22	43	46	56	29	45	36	32	44	23	13	0	0	30	49	50	22	36	40	37	42	9	36	0	0	37	59	46	17	28	59	34	35	0	0	31	43	56	42	37	63	37	30	31	44	47	40	0	0	17	51	0	0	30	45	41	27	18	36	35	33	43	40	20	45	43	26	40	58	37	33	33	32	54	35	36	37	39	32	40	30	48	47	51	47	43	39	33	34	0	0	40	31	44	24	32	50	53	37	31	36	45	20	0	0	28	47	0	0	46	26	0	0	44	35	43	46	30	29	56	37	28	31	48	29	18	44	49	49	38	31	32	41	31	46	59	36	42	10	33	54	0	0	33	47	0	0
0	0	48	23	0	0	51	42	0	0	43	29	41	69	0	0	46	25	31	38	28	33	0	0	25	40	24	41	0	0	43	30	0	0	52	45	40	29	40	15	40	35	36	41	42	18	0	0	50	23	35	10	46	21	43	46	47	28	45	36	32	44	22	13	0	0	30	49	52	21	36	40	37	42	7	31	0	0	37	59	40	21	28	45	34	35	0	0	35	43	56	42	48	63	37	30	31	44	41	47	0	0	17	51	0	0	30	45	41	26	8	36	35	33	49	40	20	45	43	26	40	58	37	33	33	32	54	35	36	37	37	40	40	30	48	47	51	47	43	39	33	34	0	0	37	19	44	24	32	50	53	37	31	36	45	11	0	0	28	47	0	0	47	26	0	0	43	35	43	46	33	30	56	37	28	31	50	29	8	38	49	49	41	31	32	41	29	46	59	36	48	0	31	54	0	0	33	47	0	0
0	0	48	23	0	0	49	42	0	0	42	29	41	69	0	0	46	25	35	36	34	29	0	0	27	40	16	54	0	0	42	30	0	0	52	45	44	29	43	15	33	35	36	41	43	17	0	0	50	23	43	0	50	22	48	46	58	35	45	36	32	44	23	13	0	0	30	49	55	22	36	40	37	42	7	32	0	0	37	59	37	21	28	50	34	35	0	0	31	43	55	42	48	63	37	30	31	44	35	40	0	0	10	50	0	0	30	45	34	16	0	0	35	33	49	40	20	45	43	26	40	58	37	33	33	32	54	35	36	37	39	32	40	30	48	47	51	47	43	39	33	34	0	0	42	22	44	24	32	50	53	37	31	36	39	0	0	0	28	47	0	0	47	34	0	0	42	35	43	46	30	29	56	37	28	31	48	29	7	37	49	49	42	32	32	41	28	46	37	35	0	0	32	54	0	0	33	47	0	0
0	0	48	16	0	0	49	42	0	0	42	49	41	69	0	0	46	25	35	36	30	27	0	0	27	40	16	45	0	0	45	30	0	0	52	45	40	29	44	15	33	35	36	41	40	24	0	0	50	23	0	0	47	21	51	37	56	0	45	36	32	44	23	13	0	0	30	49	52	21	36	40	37	42	11	33	0	0	37	59	36	21	28	50	34	35	0	0	35	43	55	42	48	63	37	30	31	44	24	51	0	0	0	0	0	0	30	45	40	11	0	0	0	0	43	40	20	45	43	26	40	58	37	33	33	32	54	35	36	37	39	40	45	30	48	47	51	47	43	39	33	34	0	0	52	21	44	24	32	50	53	37	31	36	0	0	0	0	28	47	0	0	47	34	0	0	44	35	43	46	33	30	56	37	28	31	50	29	7	32	49	49	55	29	32	41	31	46	39	37	0	0	33	54	0	0	33	47	0	0
0	0	48	23	0	0	45	42	0	0	42	48	41	69	0	0	46	25	35	36	31	21	0	0	27	40	17	51	0	0	42	30	0	0	52	45	44	29	40	15	33	35	36	41	32	25	0	0	50	23	0	0	46	22	49	37	0	0	45	36	32	44	22	13	0	0	30	49	55	22	36	40	37	42	7	32	0	0	37	59	37	21	28	45	34	35	0	0	31	43	55	42	37	63	37	30	31	44	14	59	0	0	0	0	0	0	30	45	41	0	0	0	0	0	49	40	20	45	43	26	40	58	37	33	33	32	54	35	36	37	39	40	46	41	48	47	51	47	32	39	33	34	0	0	54	22	44	24	26	41	53	37	31	36	0	0	0	0	28	47	0	0	45	26	0	0	43	35	43	46	30	29	56	37	28	31	48	29	11	37	49	49	53	27	32	41	29	46	44	31	0	0	33	54	0	0	33	47	0	0
0	0	48	23	0	0	50	42	0	0	24	48	41	69	0	0	46	25	35	36	35	22	0	0	27	40	11	43	0	0	45	30	0	0	52	45	40	29	43	15	32	35	36	41	33	19	0	0	50	23	0	0	50	21	49	37	0	0	45	36	32	44	23	13	0	0	30	49	52	21	36	40	37	42	11	33	0	0	37	59	36	22	28	50	34	35	0	0	35	43	55	42	48	63	37	30	31	44	10	60	0	0	0	0	0	0	30	45	0	0	0	0	0	0	49	40	20	45	43	26	40	58	37	33	33	32	54	35	36	37	39	40	46	41	48	47	51	47	33	39	33	34	0	0	52	21	44	24	30	34	53	37	31	36	0	0	0	0	28	47	0	0	45	26	0	0	42	35	43	46	33	30	56	37	28	31	50	29	0	0	49	49	53	33	32	41	28	46	44	28	0	0	31	54	0	0	33	47	0	0
0	0	48	16	0	0	50	42	0	0	24	48	41	69	0	0	46	25	35	37	42	21	0	0	27	40	11	41	0	0	43	30	0	0	52	45	44	29	44	15	33	35	36	41	26	19	0	0	50	23	0	0	47	22	49	37	0	0	45	36	32	44	23	13	0	0	30	49	55	22	36	40	37	42	7	35	0	0	37	59	37	22	28	45	34	35	0	0	31	43	55	42	48	63	37	30	31	44	14	59	0	0	0	0	0	0	30	45	0	0	0	0	0	0	43	40	20	45	43	26	40	58	37	33	33	32	54	35	36	37	39	40	46	41	48	47	51	47	33	39	33	34	0	0	54	22	44	24	29	36	53	37	31	36	0	0	0	0	28	47	0	0	30	41	0	0	44	35	43	46	30	29	56	37	28	31	48	29	0	0	49	49	50	24	32	41	31	46	44	34	0	0	32	54	0	0	33	47	0	0
0	0	48	23	0	0	48	42	0	0	24	48	41	69	0	0	46	25	36	27	43	22	0	0	27	40	7	49	0	0	42	30	0	0	52	45	40	29	40	15	34	35	36	41	23	18	0	0	50	23	0	0	46	21	49	37	0	0	45	36	32	44	22	13	0	0	30	49	52	21	36	40	37	42	0	0	0	0	37	59	37	22	28	45	34	35	0	0	35	43	55	42	48	63	37	30	31	44	0	0	0	0	0	0	0	0	30	45	0	0	0	0	0	0	49	40	20	45	43	26	40	58	37	33	33	32	54	35	36	37	39	40	46	41	48	47	51	47	33	39	33	34	0	0	53	21	44	24	30	34	53	37	31	36	0	0	0	0	28	47	0	0	30	41	0	0	43	35	43	46	33	32	56	37	28	31	48	29	0	0	49	49	45	17	32	41	29	46	49	34	0	0	33	54	0	0	33	47	0	0
0	0	48	23	0	0	49	42	0	0	24	48	41	69	0	0	46	25	39	31	45	21	0	0	27	40	0	0	0	0	45	30	0	0	52	45	44	29	43	15	32	35	36	41	18	18	0	0	50	23	0	0	50	22	49	37	0	0	45	36	32	44	23	13	0	0	30	49	55	22	36	40	37	42	0	0	0	0	37	59	36	22	28	45	34	35	0	0	31	43	55	42	37	63	37	30	31	44	0	0	0	0	0	0	0	0	30	45	0	0	0	0	0	0	49	40	20	45	43	26	40	58	37	33	33	32	54	35	36	37	39	40	46	41	48	47	51	47	27	27	33	34	0	0	54	22	44	24	35	39	53	37	31	36	0	0	0	0	28	47	0	0	0	0	0	0	42	35	43	46	31	26	56	37	28	31	50	29	0	0	49	49	42	18	32	41	28	46	49	34	0	0	31	54	0	0	33	47	0	0
0	0	48	16	0	0	51	42	0	0	24	48	41	69	0	0	46	25	39	31	42	22	0	0	27	40	0	0	0	0	43	30	0	0	52	45	40	29	44	15	33	35	36	41	8	11	0	0	50	23	0	0	47	21	49	37	0	0	45	36	32	44	23	13	0	0	30	49	52	21	36	40	37	42	0	0	0	0	37	59	37	22	28	45	34	35	0	0	35	43	55	42	48	63	37	30	31	44	0	0	0	0	0	0	0	0	30	45	0	0	0	0	0	0	43	40	20	45	43	26	40	58	37	33	33	32	54	35	36	37	39	40	46	41	48	47	51	47	36	30	33	34	0	0	52	21	44	24	35	32	53	37	31	36	0	0	0	0	28	47	0	0	0	0	0	0	44	35	43	46	30	18	56	37	28	31	48	29	0	0	49	49	52	18	32	41	31	46	49	34	0	0	32	54	0	0	33	47	0	0
0	0	48	23	0	0	52	42	0	0	24	48	41	69	0	0	46	25	39	31	43	21	0	0	27	40	0	0	0	0	42	30	0	0	52	45	44	29	40	15	34	35	36	41	0	0	0	0	50	23	0	0	46	22	49	37	0	0	45	36	32	44	22	13	0	0	30	49	55	22	36	40	37	42	0	0	0	0	37	59	37	22	28	59	34	35	0	0	31	43	56	42	48	63	37	30	31	44	0	0	0	0	0	0	0	0	30	45	0	0	0	0	0	0	49	40	20	45	43	26	40	58	37	33	33	32	54	35	36	37	39	40	46	41	48	47	51	47	42	29	33	34	0	0	54	22	44	24	30	29	53	37	31	36	0	0	0	0	28	47	0	0	0	0	0	0	43	35	43	46	37	10	56	37	28	31	49	29	0	0	49	49	44	10	32	41	29	46	49	34	0	0	33	54	0	0	33	47	0	0
0	0	48	23	0	0	48	42	0	0	24	48	41	69	0	0	46	25	39	31	45	22	0	0	27	40	0	0	0	0	45	30	0	0	52	45	40	29	43	15	32	35	36	41	0	0	0	0	50	23	0	0	50	21	49	37	0	0	45	36	32	44	23	13	0	0	30	49	52	21	36	40	37	42	0	0	0	0	37	59	36	22	28	50	34	35	0	0	35	43	58	42	48	63	37	30	31	44	0	0	0	0	0	0	0	0	30	45	0	0	0	0	0	0	49	40	20	45	43	26	40	58	37	33	33	32	54	35	36	37	39	40	46	41	48	47	51	47	33	29	33	34	0	0	52	21	44	24	39	31	53	37	31	36	0	0	0	0	28	47	0	0	0	0	0	0	42	35	43	46	29	0	56	37	28	31	50	29	0	0	49	49	26	0	32	41	28	46	49	34	0	0	31	54	0	0	33	47	0	0
0	0	48	16	0	0	49	42	0	0	24	49	41	69	0	0	46	25	39	31	43	21	0	0	26	40	0	0	0	0	43	30	0	0	52	45	44	29	44	15	33	35	36	41	0	0	0	0	50	23	0	0	47	22	49	37	0	0	45	36	32	44	23	13	0	0	30	49	55	22	36	40	37	42	0	0	0	0	37	59	37	21	28	50	34	35	0	0	36	43	57	42	37	63	37	30	31	44	0	0	0	0	0	0	0	0	30	45	0	0	0	0	0	0	43	40	20	45	43	26	40	58	37	33	33	32	54	35	36	37	39	40	46	41	48	47	51	47	39	30	33	34	0	0	54	22	44	24	37	30	53	37	31	36	0	0	0	0	28	47	0	0	0	0	0	0	44	35	43	46	0	0	56	37	28	31	50	29	0	0	49	49	0	0	32	41	31	46	49	34	0	0	32	54	0	0	33	47	0	0
0	0	48	23	0	0	48	42	0	0	24	49	41	69	0	0	46	25	39	31	45	22	0	0	27	40	0	0	0	0	42	30	0	0	52	45	40	29	40	15	34	35	36	41	0	0	0	0	50	23	0	0	46	21	49	37	0	0	45	36	32	44	22	13	0	0	30	49	52	21	36	40	37	42	0	0	0	0	37	59	33	21	28	50	34	35	0	0	35	43	54	42	48	63	37	30	31	44	0	0	0	0	0	0	0	0	30	45	0	0	0	0	0	0	49	40	20	45	43	26	40	58	37	33	33	32	54	35	36	37	39	40	46	41	48	47	51	47	39	29	33	34	0	0	52	21	44	24	39	30	53	37	31	36	0	0	0	0	28	47	0	0	0	0	0	0	43	35	43	46	0	0	56	37	28	31	50	29	0	0	49	49	0	0	32	41	29	46	49	34	0	0	33	54	0	0	33	47	0	0
0	0	48	23	0	0	48	42	0	0	24	49	41	69	0	0	46	25	39	31	42	21	0	0	27	40	0	0	0	0	45	30	0	0	52	45	44	29	43	15	32	35	36	41	0	0	0	0	50	23	0	0	50	22	49	41	0	0	45	36	32	44	23	13	0	0	30	49	55	22	36	40	37	42	0	0	0	0	37	59	37	21	28	50	34	35	0	0	31	43	55	42	48	63	37	30	31	44	0	0	0	0	0	0	0	0	30	45	0	0	0	0	0	0	49	40	20	45	43	26	40	58	37	33	33	32	54	35	36	37	39	40	46	41	48	47	51	47	38	30	33	34	0	0	54	22	44	24	36	30	53	37	31	36	0	0	0	0	28	47	0	0	0	0	0	0	42	35	43	46	0	0	56	37	28	31	50	29	0	0	49	49	0	0	32	41	28	46	49	34	0	0	31	54	0	0	33	47	0	0
0	0	48	16	0	0	49	42	0	0	24	49	41	69	0	0	46	25	39	31	43	22	0	0	26	40	0	0	0	0	45	30	0	0	52	45	40	29	44	15	33	35	36	41	0	0	0	0	50	23	0	0	47	21	49	46	0	0	45	36	32	44	23	13	0	0	30	49	52	21	36	40	37	42	0	0	0	0	37	59	37	21	28	59	34	35	0	0	35	43	55	42	48	63	37	30	31	44	0	0	0	0	0	0	0	0	30	45	0	0	0	0	0	0	43	40	20	45	43	26	40	58	37	33	33	32	54	35	36	37	39	40	46	41	48	47	51	47	39	29	33	34	0	0	52	21	44	24	40	30	53	37	31	36	0	0	0	0	28	47	0	0	0	0	0	0	44	35	43	46	0	0	56	37	28	31	50	29	0	0	49	49	0	0	32	41	31	46	49	34	0	0	32	54	0	0	33	47	0	0
0	0	48	23	0	0	48	42	0	0	42	29	41	69	0	0	46	25	39	31	45	21	0	0	28	40	0	0	0	0	43	30	0	0	52	45	44	29	40	15	34	35	36	41	0	0	0	0	50	23	0	0	46	22	49	42	0	0	45	36	32	44	22	13	0	0	30	49	55	22	36	40	37	42	0	0	0	0	37	59	33	21	28	50	34	35	0	0	31	43	55	42	37	63	37	30	31	44	0	0	0	0	0	0	0	0	30	45	0	0	0	0	0	0	49	40	20	45	43	26	40	58	37	33	33	32	54	35	36	37	39	40	46	41	48	47	51	47	39	30	33	34	0	0	54	22	44	24	40	30	53	37	31	36	0	0	0	0	28	47	0	0	0	0	0	0	43	35	43	46	0	0	56	37	28	31	50	29	0	0	49	49	0	0	32	41	29	46	49	34	0	0	33	54	0	0	33	47	0	0
0	0	48	23	0	0	52	42	0	0	42	48	41	69	0	0	46	25	39	31	42	22	0	0	25	40	0	0	0	0	45	30	0	0	52	45	40	29	43	15	32	35	36	41	0	0	0	0	50	23	0	0	50	21	49	39	0	0	45	36	32	44	23	13	0	0	30	40	52	21	36	40	37	42	0	0	0	0	37	59	37	21	28	50	34	35	0	0	35	43	55	42	48	63	37	30	31	44	0	0	0	0	0	0	0	0	30	45	0	0	0	0	0	0	49	40	20	45	43	26	40	58	37	33	33	32	54	35	36	37	39	40	46	41	48	47	51	47	38	29	33	34	0	0	52	21	44	24	40	30	53	37	31	36	0	0	0	0	28	47	0	0	0	0	0	0	42	35	43	46	0	0	56	37	28	31	50	29	0	0	49	49	0	0	32	41	28	46	49	34	0	0	31	54	0	0	33	47	0	0
0	0	48	16	0	0	48	42	0	0	24	48	41	69	0	0	46	25	39	31	43	21	0	0	25	40	0	0	0	0	43	30	0	0	52	45	44	29	44	15	33	35	36	41	0	0	0	0	50	23	0	0	47	22	50	28	0	0	45	36	32	44	23	13	0	0	30	49	55	22	36	40	37	42	0	0	0	0	37	59	37	21	28	50	34	35	0	0	31	43	58	42	48	63	37	30	31	44	0	0	0	0	0	0	0	0	30	45	0	0	0	0	0	0	43	40	20	45	43	26	40	58	37	33	33	32	54	35	36	37	39	40	46	41	48	47	51	47	39	30	33	34	0	0	51	22	44	24	40	30	53	37	31	36	0	0	0	0	28	47	0	0	0	0	0	0	44	35	43	46	0	0	56	37	28	31	50	29	0	0	49	49	0	0	32	41	30	46	49	34	0	0	32	54	0	0	33	47	0	0
0	0	48	23	0	0	49	42	0	0	24	48	41	69	0	0	46	25	39	28	40	16	0	0	25	40	0	0	0	0	42	30	0	0	52	45	40	29	40	15	34	35	36	41	0	0	0	0	50	23	0	0	46	21	53	26	0	0	45	36	32	44	22	13	0	0	30	49	52	21	36	40	37	42	0	0	0	0	37	59	33	21	28	50	34	35	0	0	35	43	60	42	48	63	37	30	31	44	0	0	0	0	0	0	0	0	30	45	0	0	0	0	0	0	49	40	20	45	43	26	40	58	37	33	33	32	54	35	36	37	39	40	46	41	48	47	51	47	39	29	33	34	0	0	54	21	44	24	40	30	53	37	31	36	0	0	0	0	28	47	0	0	0	0	0	0	43	35	43	46	0	0	56	37	28	31	50	29	0	0	49	49	0	0	32	41	28	46	49	34	0	0	33	54	0	0	33	47	0	0
0	0	48	23	0	0	48	42	0	0	24	48	41	69	0	0	46	25	39	29	40	10	0	0	25	40	0	0	0	0	45	30	0	0	52	45	44	29	43	15	32	35	36	41	0	0	0	0	50	23	0	0	50	22	46	31	0	0	45	36	32	44	23	13	0	0	30	49	55	22	36	40	37	42	0	0	0	0	37	59	37	21	28	59	34	35	0	0	31	43	59	42	37	63	37	30	31	44	0	0	0	0	0	0	0	0	30	45	0	0	0	0	0	0	49	40	20	45	43	26	40	58	37	33	33	32	54	35	36	37	39	40	46	41	48	47	51	47	38	30	33	34	0	0	56	22	44	24	40	30	53	37	31	36	0	0	0	0	28	47	0	0	0	0	0	0	42	35	43	46	0	0	56	37	28	31	50	29	0	0	49	49	0	0	32	41	31	46	49	34	0	0	31	54	0	0	33	47	0	0
0	0	48	16	0	0	49	42	0	0	24	48	41	69	0	0	46	25	39	29	39	0	0	0	25	40	0	0	0	0	43	30	0	0	52	45	40	29	44	15	33	35	36	41	0	0	0	0	50	23	0	0	47	21	45	23	0	0	45	36	32	44	23	13	0	0	30	49	52	21	36	40	37	42	0	0	0	0	37	59	37	21	28	50	34	35	0	0	35	43	61	42	48	63	37	30	31	44	0	0	0	0	0	0	0	0	30	45	0	0	0	0	0	0	43	40	20	45	43	26	40	58	37	33	33	32	54	35	36	37	39	40	46	41	48	47	51	47	39	29	33	34	0	0	55	21	44	24	40	30	53	37	49	36	0	0	0	0	28	47	0	0	0	0	0	0	44	35	43	46	0	0	56	37	28	31	50	29	0	0	49	49	0	0	32	41	29	46	49	34	0	0	32	54	0	0	33	47	0	0
