396
474
412
481
571
722
692
797
767
435
409
373
531
545
518
572
488
293
267
272
291
283
402
269
292
270
277
254
204
198
194
190
146
113
219
195
298
337
374
478
534
539
481
456
438
363
371
371
513
528
387
310
364
261
261
308
281
246
248
250
248
245
246
249
288
274
267
248
283
249
318
306
279
265
250
250
248
282
249
267
251
250
251
258
140
184
234
263
350
415
499
474
503
694
518
472
479
471
496
500
497
471
583
492
472
478
473
472
499
503
468
476
487
545
471
477
536
500
466
487
473
504
471
474
478
476
476
473
472
475
505
517
471
474
212
194
268
269
438
427
568
515
431
440
472
530
376
360
445
384
362
394
372
397
359
386
361
389
363
403
382
336
360
376
361
348
375
341
324
373
362
327
370
354
501
382
491
531
517
516
533
519
521
593
167
234
274
457
468
549
599
597
647
605
586
616
591
602
596
586
588
586
630
583
636
596
605
584
615
614
585
638
587
598
593
586
609
587
602
693
625
599
613
612
592
602
601
591
611
601
592
588
586
598
135
216
228
287
363
303
407
506
453
572
606
603
664
602
617
605
606
619
606
615
606
600
657
643
647
611
615
602
611
604
605
603
650
629
616
606
606
612
678
607
642
633
601
605
600
605
604
623
625
602
144
237
246
308
371
410
485
535
481
474
434
391
395
388
402
440
399
505
387
359
375
362
371
364
374
378
354
362
381
364
382
352
376
416
354
379
395
359
357
355
367
364
355
364
362
366
352
357
357
367
138
230
285
338
415
439
374
462
556
542
531
542
543
419
617
567
385
396
365
374
379
368
358
372
361
366
362
360
365
364
363
367
359
376
398
379
364
402
364
372
373
377
372
370
425
370
361
366
360
372
122
267
250
347
376
394
475
595
690
657
602
448
401
364
331
322
288
315
292
321
300
292
285
317
298
294
285
283
287
282
287
299
292
300
284
291
319
293
285
283
319
307
304
301
309
299
292
296
287
296
152
192
292
352
379
478
646
625
577
581
430
472
381
419
424
443
614
375
331
386
351
311
332
230
185
170
175
128
135
194
291
404
573
546
669
691
618
649
637
607
425
429
345
353
339
317
254
229
179
175
178
117
141
115
159
228
282
312
248
313
343
379
382
468
423
610
586
412
406
363
335
298
279
294
214
212
156
127
137
224
300
368
404
428
468
467
462
400
411
530
421
427
568
564
372
364
323
315
318
326
278
272
335
201
192
133
145
230
295
352
495
581
668
618
606
592
557
572
393
384
365
362
337
358
287
277
268
248
269
243
169
135
130
222
329
413
389
350
429
572
454
467
483
423
372
353
303
274
281
249
248
237
196
188
169
128
142
257
297
394
321
442
427
434
554
439
420
583
441
397
417
322
326
271
267
279
271
277
290
262
214
225
219
183
201
137
240
316
460
486
587
681
655
572
586
403
387
331
272
328
322
325
295
348
274
309
266
261
259
263
260
273
260
265
261
298
272
314
351
342
304
309
340
312
303
309
307
312
308
348
301
311
312
312
304
166
320
228
364
294
328
471
560
495
382
414
565
427
367
400
402
351
359
329
297
290
278
241
227
234
229
221
164
178
179
151
174
279
352
420
493
498
518
537
484
455
439
649
461
477
462
424
396
412
362
391
364
371
297
123
230
424
560
490
640
642
647
658
599
664
591
543
556
325
273
248
268
246
193
166
130
141
231
342
350
430
393
461
536
491
420
391
368
357
358
353
381
368
356
359
381
359
347
357
359
371
347
349
352
364
349
347
360
351
368
373
320
350
329
525
281
233
146
136
56
198
186
312
317
338
405
690
613
589
535
510
547
543
538
360
404
342
316
317
325
311
307
253
255
250
210
207
226
144
225
263
312
389
500
462
485
437
418
403
589
601
603
577
568
569
576
390
392
388
395
426
445
386
399
471
352
379
378
368
359
380
356
360
374
358
364
373
385
367
367
356
392
365
358
357
365
359
476
128
194
281
403
357
475
499
620
722
513
697
672
663
616
410
413
392
437
369
360
347
394
359
341
422
369
341
370
362
342
386
391
350
364
362
350
360
381
349
364
378
356
395
383
341
363
365
342
420
369
139
215
260
358
339
347
373
382
429
591
482
475
434
396
376
330
329
307
270
229
235
189
169
107
173
202
276
349
433
691
676
683
457
508
535
507
449
414
399
358
335
351
364
350
315
312
345
323
296
283
294
293
310
289
306
296
293
344
281
285
288
322
300
299
284
284
292
282
283
286
283
283
282
283
131
186
238
274
314
403
450
464
454
461
645
430
400
440
340
344
372
333
298
281
250
262
250
227
211
167
182
363
394
439
356
416
477
471
431
393
405
424
405
433
367
406
381
305
308
320
264
238
200
208
220
206
270
199
194
165
164
155
165
200
299
280
319
380
409
416
411
373
409
388
563
537
559
574
538
479
515
482
441
328
263
196
240
237
166
213
409
501
491
581
581
617
589
625
449
445
479
468
377
366
307
291
313
259
281
229
190
169
111
119
136
199
240
310
516
538
630
594
588
381
406
406
396
320
305
301
329
250
232
228
204
192
176
183
189
127
227
292
348
591
532
545
638
665
628
541
608
503
518
345
299
314
328
301
270
226
235
224
245
218
286
186
128
59
179
209
287
353
326
388
425
456
398
408
388
398
524
535
497
498
518
511
578
455
467
466
262
243
260
231
233
232
234
270
194
156
133
109
112
107
139
219
285
285
334
398
576
571
533
568
562
585
604
546
552
527
514
507
529
510
519
510
515
512
528
539
509
510
511
565
501
563
509
513
541
567
519
517
524
545
516
528
519
524
528
520
513
509
535
508
169
196
294
337
369
493
635
609
635
567
529
551
556
586
547
584
565
571
591
565
649
559
600
556
570
563
560
557
558
557
565
558
557
564
555
555
569
562
677
561
590
553
557
558
560
557
562
556
560
577
136
174
255
345
475
547
554
637
661
516
630
406
404
387
399
357
355
321
286
274
238
273
253
254
254
254
309
256
276
268
278
250
211
276
162
142
135
107
109
107
158
183
277
306
413
564
619
666
502
557
485
506
314
270
257
265
262
261
203
234
217
227
179
222
189
187
184
208
185
196
186
209
183
186
186
185
216
210
197
183
193
184
205
204
196
194
184
230
180
184
145
217
260
229
285
335
470
480
459
420
393
556
557
441
408
358
318
296
246
191
196
224
164
155
116
174
237
506
482
486
578
610
598
461
440
406
410
386
355
363
346
347
311
267
248
242
194
188
194
195
181
138
167
125
142
218
215
321
384
437
508
533
536
440
385
549
556
398
371
366
342
315
302
244
306
247
226
199
194
181
191
127
214
310
382
513
608
596
689
463
435
429
419
376
409
392
386
337
300
261
223
237
221
221
227
221
220
220
277
217
220
228
284
262
216
221
221
286
217
222
221
220
221
220
230
234
229
220
252
233
224
140
247
279
309
332
395
457
457
451
636
634
644
624
625
606
628
591
597
592
608
580
580
584
590
600
589
587
594
586
617
589
611
599
603
591
607
592
581
581
610
591
580
594
594
582
596
643
605
623
594
175
231
402
478
512
583
556
619
572
634
611
599
609
608
626
629
546
512
486
443
459
503
453
456
459
476
454
489
456
457
469
466
458
467
469
503
484
485
485
454
479
457
460
459
457
460
479
453
462
473
144
211
238
301
375
360
377
474
465
520
470
437
453
454
435
452
429
408
410
405
420
399
413
405
404
398
398
394
405
399
397
397
397
541
407
408
402
409
407
399
403
412
411
396
399
409
409
405
395
406
130
249
253
288
335
294
406
458
527
579
405
610
440
474
396
370
374
382
358
333
284
269
252
245
210
238
222
186
216
243
195
137
235
247
345
518
515
539
725
636
616
615
363
404
339
305
309
304
310
301
301
313
300
310
339
295
296
236
218
187
154
178
49
177
215
405
436
481
569
630
628
622
647
647
482
423
428
429
422
389
320
309
281
289
279
281
288
294
316
297
321
301
355
285
302
280
308
281
289
288
290
281
292
297
283
282
298
301
306
286
288
286
286
141
254
241
278
326
393
413
470
463
429
587
664
413
382
379
358
328
304
307
238
212
227
255
189
243
207
195
196
196
207
208
202
209
196
217
194
196
195
195
203
205
208
196
223
221
202
208
201
205
262
134
279
301
301
330
385
339
399
447
459
389
386
527
517
517
540
543
551
525
542
526
529
541
608
527
532
528
541
535
527
528
540
561
534
551
528
530
525
565
541
540
596
588
541
536
549
539
534
530
527
145
217
257
283
270
215
316
330
373
454
475
392
512
544
507
485
491
526
451
407
380
355
357
188
161
161
128
706
1057
990
1320
1114
1282
1521
1798
1471
1491
1500
1882
1786
1832
1772
1701
1668
1647
1734
1574
1614
1144
1120
1050
966
897
780
672
581
445
213
516
660
867
1116
1424
1548
1430
1452
1464
1335
1382
1462
1489
1456
1468
1879
1910
1437
1467
1255
1174
1135
1121
1102
880
876
860
836
845
657
440
475
427
710
1042
928
963
1173
1155
1260
1053
1112
1251
1297
1220
1106
1066
967
710
646
676
562
460
459
475
689
785
947
1043
1407
1551
1624
1501
1512
2006
1995
1919
1886
1924
1877
1882
1870
1870
1873
1883
1875
1874
1889
1885
1893
1883
1874
1871
1868
1889
1879
1872
1869
1870
1867
1882
1870
1883
1870
1884
1921
1879
1875
1872
1872
1891
1868
1866
1878
427
675
960
935
961
992
975
985
788
933
1348
1353
1212
1207
1235
1208
1455
1445
1438
1443
1443
1480
1456
1457
1472
1455
1455
1447
1468
1449
1447
1448
1460
1450
1446
1492
1451
1451
1456
1459
1453
1518
1454
1453
1456
1451
1459
1450
1480
1456
567
627
833
1400
1748
1957
1851
1953
1858
1790
1817
2016
1936
1361
776
696
738
955
1289
1386
1540
1766
1557
2262
1664
1434
1379
1336
1239
1261
1236
1148
1166
942
979
835
694
692
637
209
467
737
919
976
1362
1322
1351
1569
1547
1460
1741
1781
1595
1625
1511
978
899
808
845
870
835
699
561
552
440
591
749
1326
1484
1614
1709
1860
1953
2093
1508
1380
1253
1238
1315
1181
1066
983
921
828
692
520
611
563
563
564
570
564
570
567
564
566
563
568
570
562
565
565
563
614
562
566
566
569
562
569
564
567
567
559
565
483
589
862
1009
1308
1361
1274
1400
1565
1447
1278
1929
1826
1920
1668
1718
1709
1093
1007
1079
850
776
827
879
676
549
417
159
449
734
949
1405
1494
1734
1936
2096
2129
1499
1577
1499
1351
1414
1435
1094
1249
1127
1112
1100
1160
1134
1011
947
850
731
849
752
646
625
633
623
634
620
636
626
641
632
638
624
642
621
646
627
639
628
633
629
635
619
484
677
992
1162
1334
1733
1696
1593
1465
2001
1992
1920
1178
1073
1009
1002
998
1003
904
808
706
706
572
478
484
454
777
890
940
1111
1135
1383
1570
1335
1430
1459
1520
1529
1468
1493
1473
1484
1472
1483
1486
1472
1510
1478
1477
1474
1478
1477
1474
1542
1475
1474
1473
1477
1475
1487
1475
1490
1489
1477
1472
1477
1512
1480
1489
1472
1473
1473
1482
1478
1482
481
736
864
1227
1441
1433
1533
1693
1570
1866
1640
1771
1778
1762
1754
1782
1788
1862
1826
1775
1755
1756
1760
1790
1759
1891
1834
1761
1763
1797
1814
1752
1763
1799
1908
1780
1772
1749
1751
1748
1789
1737
1744
1747
1762
1744
1827
1747
1758
1752
545
1162
1526
1662
1849
1852
1523
1389
1298
1787
1178
1395
1310
1327
1324
1335
1398
1261
1174
1298
1288
1285
1289
1287
1295
1289
1282
1293
1296
1293
1295
1293
1361
1285
1295
1292
1288
1294
1291
1318
1292
1292
1291
1294
1289
1293
1287
1311
1289
1288
469
708
844
1065
1119
1252
1112
1434
1278
1246
1767
1696
1175
1248
1079
989
1018
896
752
785
580
516
385
484
709
902
1162
1421
1258
1373
1601
1462
1429
1963
1953
1963
1951
1866
1879
1863
1865
1832
1835
1840
1852
1846
1834
1841
1833
1851
1821
1829
1829
1866
1914
1991
1919
1892
1860
1908
916
972
956
1472
4098
1017
1084
1093
1170
1470
1677
1860
817
1295
905
984
1124
977
1027
956
10017
10014
10009
10011
10012
10017
10019
10020
10011
10019
10016
10012
10040
15022
5010
5007
5012
5009
5005
5006
5017
5006
5013
11
11
15
16
8
8
12
13
12
9
14
20
11
8
6
6
6
9
5
5
4
5
3
3
3
4
3
4
4
5
14
7
5
4
4
4
3
4
3
3
5
4
7
3
6
3
7
3
3
4
6
4
12
4
3
3
4
4
3
4
3
3
5
2
2
2
2
2
3
3
8
3
1
12
2
3
4
5
8
6
6
6
4
4
4
4
4
6
4
4
3
5
4
5
4
3
5
3
4
10
6
5
4
5
7
5
5
5
4
5
4
4
3
9
5
5
4
5
4
4
3
3
1
2
1
2
2
4
4
3
3
3
3
2
7
2
2
2
2
1
2
1
2
2
1
1
1
2
3
3
2
2
3
3
3
3
3
3
3
7
3
3
2
3
2
2
2
3
6
2
1
1
1
2
2
3
5
4
6
3
3
3
3
3
2
2
2
2
3
4
2
3
2
2
2
2
2
1
1
2
1
1
2
2
2
2
3
8
3
3
2
5
4
5
4
7
5
5
4
4
4
4
4
3
2
2
7
2
2
2
2
2
2
2
2
3
3
4
3
4
10
9
2
3
2
2
2
2
2
4
3
8
3
5
11
3
3
5
5
4
7
3
3
3
3
3
3
3
3
4
5
2
2
6
5
10
2
3
3
7
1
3
2
2
1
3
3
10
2
5
3
3
4
3
3
3
4
2
3
2
2
2
3
6
2
2
2
1
2
1
2
1
1
1
2
2
2
2
2
2
2
12
3
2
3
4
3
2
4
4
4
2
2
1
1
2
2
1
1
4
3
3
4
5
2
2
2
3
2
2
3
7
2
2
2
0
2
1
2
3
2
3
2
1
2
2
3
3
3
3
3
3
2
2
2
2
1
2
2
1
1
1
1
1
1
1
1
2
3
3
2
2
2
2
2
3
3
3
2
3
2
2
2
2
1
2
2
1
2
1
2
1
2
2
3
2
2
4
3
3
2
2
3
2
2
2
2
2
1
1
1
2
1
1
3
2
1
5
6
3
2
3
3
3
3
4
5
4
2
3
3
3
2
2
3
1
1
2
3
3
2
3
3
3
3
3
2
2
3
2
2
2
4
2
1
2
2
1
0
0
0
0
1
1
3
2
2
3
3
3
2
5
2
2
3
3
2
2
2
1
3
1
1
2
1
3
2
2
2
2
1
1
2
2
3
2
2
2
2
1
1
1
2
4
1
2
2
2
2
2
1
0
2
2
2
1
2
3
3
2
4
3
4
3
3
3
2
2
2
2
4
2
1
1
2
1
1
1
1
1
6
2
3
4
3
3
6
3
4
3
5
4
3
3
4
4
2
3
3
3
2
3
1
2
1
1
2
3
5
3
3
4
6
4
4
3
3
3
2
3
3
2
2
3
2
2
2
2
2
2
4
6
3
3
2
5
3
5
10
2
3
3
4
3
2
2
6
2
5
2
2
2
2
2
2
0
2
2
3
2
2
10
11
14
20
14
13
18
9
9
9
9
7
8
5
8
6
7
6
6
5
5
7
7
8
2
4
2
3
3
2
2
2
2
2
8
1
2
1
2
3
3
4
8
5
13
6
4
5
8
4
5
5
3
2
4
3
3
3
1
2
1
1
1
1
2
1
3
2
2
3
3
3
4
4
2
3
4
3
3
4
2
2
2
2
1
3
1
1
3
6
4
3
2
2
2
2
2
2
1
1
1
1
1
1
1
1
2
1
1
1
1
3
6
3
6
4
6
4
4
6
4
7
5
4
3
13
10
4
3
4
2
1
2
1
3
3
3
4
3
5
5
6
8
3
5
5
5
5
4
4
5
4
4
10
3
3
2
1
2
2
3
2
3
3
2
3
4
4
3
2
3
3
2
2
2
2
1
1
1
2
1
2
3
1
2
2
2
3
2
3
2
2
3
2
3
3
8
2
3
2
3
1
1
10
2
2
2
1
1
1
6
2
2
3
4
2
4
2
2
3
2
2
6
8
3
3
4
3
3
4
2
2
2
3
2
2
2
4
3
5
4
5
3
4
4
2
2
5
2
3
2
2
2
2
3
3
2
2
4
2
2
2
1
1
0
1
2
2
2
2
3
3
3
5
2
3
4
4
3
1
2
2
2
2
2
1
2
1
2
1
2
2
2
3
3
2
2
2
2
1
2
1
1
2
1
2
2
1
2
2
1
2
1
2
1
1
2
2
2
2
2
3
2
2
3
2
2
2
1
2
1
1
1
1
1
1
1
2
2
2
2
3
2
3
2
3
3
2
4
3
3
3
3
3
3
3
2
3
2
1
2
1
2
1
1
0
1
1
2
2
2
4
2
2
1
2
3
5
3
2
2
2
2
1
2
1
0
0
1
1
2
1
1
3
2
3
3
1
3
2
2
2
2
1
1
1
2
2
2
2
2
2
1
2
2
2
2
2
1
2
1
1
1
2
2
2
2
2
2
2
2
2
2
1
2
2
2
1
1
1
1
1
2
1
1
2
2
2
3
2
2
2
2
3
3
2
1
3
2
1
1
1
1
1
2
2
3
3
2
4
4
4
3
4
2
3
4
3
3
3
3
2
3
2
2
2
2
1
1
1
1
1
1
2
4
16
7
17
22
9
15
16
17
11
11
13
11
9
8
10
7
7
6
5
6
5
5
8
3
3
1
2
1
2
2
3
4
5
7
8
9
6
4
5
9
5
5
5
5
4
6
3
10
4
4
7
4
3
6
4
3
3
3
3
2
1
1
2
3
2
3
3
3
3
3
3
5
6
3
3
3
3
5
3
2
3
3
3
11
2
1
4
9
10
2
4
15
6
6
6
5
5
3
4
5
3
3
3
3
2
2
4
2
1
2
1
0
1
1
1
1
2
2
2
3
4
6
6
4
4
3
4
7
6
5
5
4
3
3
4
4
2
3
3
3
5
4
5
5
3
3
3
3
3
16
5
5
19
12
15
18
11
13
8
6
7
7
9
9
12
8
5
1
2
4
4
4
3
4
5
9
11
4
5
5
6
6
10
5
3
1
2
3
3
4
2
5
1
1
2
1
3
2
3
3
7
3
8
9
8
11
8
5
5
3
4
5
5
3
3
2
2
4
1
1
1
1
1
2
2
3
2
2
2
2
2
3
3
3
4
4
4
4
0
4
1
2
3
6
4
4
4
2
4
4
8
4
3
4
3
3
3
3
2
1
1
1
4
1
2
2
2
2
2
8
4
4
5
3
5
3
3
3
4
3
2
2
1
2
4
6
14
8
3
10
4
2
4
2
4
4
3
2
3
4
4
3
2
3
5
3
3
2
2
2
2
2
2
1
2
1
2
2
2
2
2
3
3
3
2
9
3
2
3
3
3
3
3
2
2
2
1
4
2
2
2
2
2
2
2
1
2
3
2
2
1
2
1
1
1
1
2
2
4
3
6
3
4
3
3
4
8
2
2
2
3
2
2
1
2
3
2
1
1
1
1
1
1
2
4
4
3
3
2
3
2
2
1
2
1
1
4
3
1
2
1
1
1
2
2
2
3
3
3
2
2
2
2
7
2
2
2
2
2
2
2
2
2
1
1
2
1
2
3
2
2
3
2
2
2
3
3
2
3
3
4
3
3
7
1
1
3
1
4
2
1
2
1
1
2
2
1
2
1
2
2
2
1
2
2
2
3
2
3
3
2
2
2
3
5
2
2
13
7
17
8
11
13
14
15
16
10
10
10
7
8
6
6
5
3
3
3
3
3
7
4
3
3
3
3
2
2
3
3
2
2
4
4
5
5
6
4
7
4
9
6
5
5
5
4
7
5
2
1
2
4
3
5
5
5
3
2
3
3
2
3
3
3
2
3
5
4
4
4
2
3
2
2
1
1
1
2
1
1
1
1
1
1
1
3
4
3
8
3
3
3
3
3
3
3
2
2
2
4
3
2
10
2
1
1
2
2
2
2
2
2
3
3
6
6
5
4
3
4
2
3
2
1
1
2
2
3
2
3
4
8
5
5
4
2
2
1
1
2
2
1
1
1
0
1
2
5
3
6
3
3
2
2
2
3
2
2
2
3
3
2
1
2
2
1
1
1
1
0
1
1
2
1
2
2
6
4
2
1
2
2
1
2
2
2
1
2
2
1
1
2
1
1
2
2
2
2
2
3
3
3
5
1
2
2
2
3
2
3
8
1
1
1
2
1
0
1
1
1
1
2
2
2
2
2
3
2
2
2
6
6
2
3
2
2
2
3
2
1
2
1
0
0
0
1
2
1
1
2
3
2
2
2
3
2
3
2
2
3
2
4
2
3
3
2
2
2
1
2
1
0
1
1
2
2
2
2
2
3
3
4
3
3
2
2
2
3
4
3
3
2
2
2
2
2
3
1
2
1
2
2
2
3
1
1
4
1
1
1
1
2
1
1
1
1
2
2
2
2
2
2
2
1
2
2
1
1
1
2
2
2
1
1
3
1
0
1
1
1
1
3
2
1
1
2
3
3
2
2
2
2
2
3
2
2
2
2
2
2
1
2
1
2
1
1
0
1
2
1
2
3
1
1
1
2
3
3
2
1
2
2
2
2
1
1
0
1
1
1
2
2
1
1
2
3
2
1
2
3
2
1
2
2
2
1
2
2
2
2
1
0
1
1
1
1
1
0
1
2
2
2
1
2
4
3
2
2
3
3
2
2
2
2
1
2
1
1
1
1
2
1
1
1
2
2
4
2
2
2
3
2
2
1
1
2
2
1
2
1
2
2
1
2
1
2
1
2
2
1
2
2
1
2
2
2
1
1
1
1
2
1
1
0
1
1
2
1
2
1
1
1
1
2
2
2
1
2
2
2
1
1
2
1
2
1
2
1
1
2
2
2
2
1
1
2
1
2
1
2
1
2
1
1
1
1
1
1
1
1
1
2
2
2
2
2
3
2
2
2
2
2
1
2
2
2
3
2
1
1
1
1
1
0
0
1
1
1
2
1
2
1
1
1
1
2
2
2
1
1
2
1
2
2
2
0
1
2
1
2
2
2
3
2
2
1
2
3
2
2
2
2
1
1
1
1
1
1
1
0
0
1
1
2
1
2
3
2
2
1
2
1
1
2
2
2
2
2
1
1
1
1
0
0
0
1
0
1
1
1
1
1
1
3
2
2
2
2
2
2
1
1
1
1
1
1
1
1
0
1
2
1
1
1
2
1
2
1
2
2
1
1
1
1
2
1
2
2
1
2
1
1
1
0
0
1
1
1
2
2
3
2
2
2
2
2
2
2
2
2
1
1
2
1
0
1
1
2
1
2
2
2
2
2
3
2
2
1
2
1
2
2
2
2
1
1
1
1
1
1
0
1
0
2
2
2
1
2
2
3
2
2
2
1
2
2
2
1
2
2
1
1
1
1
2
1
2
2
3
2
2
2
2
2
1
2
1
2
1
3
2
1
2
2
2
1
0
0
1
0
1
2
2
2
2
2
3
3
3
2
2
2
2
1
2
2
1
2
1
1
1
1
1
1
1
1
2
1
1
2
1
1
1
1
2
2
2
2
2
1
2
1
1
1
3
1
1
2
3
2
3
2
2
2
2
2
1
1
1
1
0
0
1
1
1
1
1
2
1
2
2
1
1
2
2
2
2
2
1
2
1
0
1
0
0
1
1
2
2
2
2
1
2
3
2
2
2
2
2
1
2
2
2
2
2
2
2
1
1
1
1
1
1
1
1
2
2
2
3
2
2
3
2
1
1
1
1
1
1
1
2
2
2
2
2
2
2
3
2
1
2
2
1
2
1
2
1
0
0
1
1
1
1
2
1
2
1
2
2
2
2
1
1
1
1
1
1
1
1
1
1
1
1
1
2
2
2
2
2
2
2
1
2
1
1
2
2
2
1
1
1
1
1
0
0
1
1
1
2
2
2
2
2
2
2
2
3
1
2
2
2
2
2
2
2
2
2
2
2
1
1
2
2
2
2
2
1
1
1
0
1
2
1
2
2
2
2
1
2
1
1
2
2
2
1
0
1
1
1
2
2
2
2
2
1
2
1
1
2
2
2
3
2
2
2
1
1
2
1
1
1
1
0
1
0
1
0
0
1
1
2
1
1
1
1
2
3
3
4
3
2
2
2
2
2
2
2
1
2
2
1
2
1
2
1
1
0
2
1
1
1
2
2
1
2
2
2
2
1
2
1
2
2
2
1
1
1
2
1
1
0
1
2
2
1
2
2
2
2
2
2
2
2
1
1
1
1
1
1
1
1
0
1
1
1
1
1
1
1
2
2
2
2
2
2
2
2
1
1
1
2
2
1
1
1
2
1
1
2
2
1
1
2
1
2
2
2
2
1
1
1
1
2
1
1
2
1
0
0
1
1
1
1
2
1
1
1
1
1
1
2
2
3
3
3
2
3
2
2
2
2
0
0
1
1
2
2
2
1
1
2
2
2
2
1
1
2
1
1
1
2
2
1
1
1
0
0
5022
5006
531
528
607
579
536
532
594
535
622
1050
1047
954
828
712
768
419
503
427
503
559
530
374
288
394
399
523
478
564
713
728
601
611
611
639
560
583
582
380
806
811
864
938
960
925
554
1019
588
576
547
537
548
582
538
442
478
473
461
584
514
330
291
418
486
621
586
577
564
490
567
654
722
798
1547
1672
1776
2661
2426
2315
1885
1962
1991
1850
2001
2060
2491
2182
2098
2456
2371
2568
1178
1630
1641
3232
3343
2898
1613
1418
1679
1834
2373
1955
2535
2674
2391
2221
1902
1706
2185
2374
2160
2371
2080
1171
1399
1687
2008
1928
2186
1979
2184
1831
1813
2279
1915
1555
1841
2192
1088
1314
1804
1901
1894
1746
1603
1619
1848
3073
3004
1731
1650
1445
1817
1234
1524
1887
1864
1893
2079
2432
2111
2631
1948
1648
2062
1607
1555
2011
2279
1249
1549
1696
1417
1437
2137
2303
1705
2449
2538
2332
2341
1954
1733
2190
1972
1371
2325
2468
2405
2619
3452
3637
1928
2088
2123
2568
5019
27
12
11
13
10
10
15
10
12
10
9
11
16
9
8
8
2
3
4
6
5
9
12
10
10
9
10
10
12
3
2
5
5
6
5
5
6
7
7
5
9
9
3
3
9
9
3
3
3
2
2
1
9
4
6
5
6
4
4
6
12
5
4
5
14
5
4
9
14
5
6
4
5
3
2
4
6
3
7
3
6
4
4
3
4
10
4
6
4
5
4
3
1
2
1
1
2
2
2
6
4
3
3
3
3
3
4
3
4
4
5
4
4
4
2
7
4
3
2
3
3
4
3
1
2
2
3
3
4
3
4
4
2
2
1
3
2
3
3
3
4
6
6
6
4
4
4
4
5
4
4
4
4
3
3
2
1
2
2
2
2
3
3
4
4
4
3
2
2
2
2
3
3
2
1
1
1
2
3
4
6
5
3
3
5
4
3
4
5
3
2
3
3
3
2
1
2
2
2
2
3
3
6
3
3
4
2
2
3
3
3
3
2
2
2
1
2
1
1
1
1
2
2
2
2
3
2
2
3
3
3
3
3
3
3
3
3
1
1
2
2
3
3
4
4
2
3
3
2
2
3
4
4
1
2
3
5
3
3
4
2
3
3
2
2
3
3
2
2
2
3
3
2
2
2
1
2
2
2
6
3
3
3
2
2
3
4
3
2
2
3
2
2
2
2
2
3
2
2
1
2
2
3
3
3
3
3
3
4
2
3
3
1
2
1
2
2
2
2
3
2
3
2
2
2
3
3
3
3
3
3
3
3
3
4
2
3
2
1
0
1
2
1
2
2
2
2
2
3
4
3
2
3
3
3
3
3
3
2
2
2
1
1
2
2
2
2
2
5
4
2
3
3
3
3
2
3
2
3
3
2
2
2
3
3
1
1
2
2
2
2
3
3
4
2
3
3
4
4
4
2
3
3
4
2
2
2
2
2
1
1
2
2
2
490
576
455
466
374
374
529
443
641
608
561
555
571
561
651
257
332
335
382
378
407
352
428
334
427
438
375
380
425
443
450
495
445
543
520
546
440
464
312
598
621
633
614
493
530
475
419
379
410
473
488
525
452
418
342
447
349
461
435
352
466
413
410
426
410
393
442
460
463
462
348
431
427
382
441
460
472
416
500
419
447
407
303
362
403
418
427
326
426
368
443
410
443
446
460
377
423
307
371
402
353
438
457
471
395
439
494
448
490
435
495
458
492
517
515
487
485
478
519
528
528
531
533
534
568
535
600
417
476
292
319
390
408
397
441
424
337
433
444
446
444
433
433
391
538
536
543
509
520
521
582
309
411
439
336
376
391
351
350
360
351
396
432
450
276
358
369
416
366
375
299
377
375
377
361
320
453
327
390
423
356
349
332
406
274
398
471
412
441
454
284
309
366
399
340
409
407
382
381
380
432
428
363
417
375
304
408
446
451
436
489
502
490
474
471
468
563
482
506
529
528
495
530
590
546
581
640
338
452
460
350
402
413
379
503
452
455
382
257
450
479
565
497
519
315
378
419
393
404
382
551
538
559
555
628
782
414
475
478
406
482
478
498
463
480
490
515
438
397
543
481
315
465
434
445
377
434
397
455
456
279
341
361
391
446
436
435
479
474
565
468
512
526
525
530
500
502
495
490
303
346
346
309
411
340
359
447
430
420
370
352
381
581
536
347
427
448
427
380
428
470
406
460
400
443
399
481
542
424
502
483
467
411
493
478
411
427
508
315
416
368
401
425
462
357
411
387
334
381
355
322
379
407
378
468
389
449
439
424
467
401
283
434
508
478
486
442
422
381
453
381
606
377
292
297
369
370
402
333
375
408
373
357
462
501
423
456
414
525
289
417
338
463
520
494
544
436
626
825
748
826
849
759
746
755
385
447
488
421
428
423
594
833
494
445
460
510
447
433
465
487
322
403
413
419
362
418
362
426
407
362
375
380
396
383
467
419
480
392
438
400
377
386
386
400
486
483
753
682
671
679
572
690
628
640
654
557
611
512
611
484
571
652
490
543
480
541
460
419
363
355
33570
39922
39342
33730
39582
39801
35639
39810
42387
37596
39925
40018
40380
40964
41927
21421
37162
45425
49030
42552
65854
85433
84120
91499
39078
39953
24113
25740
37417
37794
46531
31263
33909
38539
32873
32519
40431
4839
6569
5704
4784
5294
217
112
45
46
64
65
28
33
30
26
21
19
21
23
23
17
19
23
18
19
18
21
24
21
30
18
18
23
18
21
17
14
18
16
22
21
18
16
13
1696
1964
2136
1626
1536
1443
1641
1753
1801
1594
2266
2098
2246
3304
1637
2824
1339
1406
2022
2824
2444
2406
2333
2427
2376
2092
2169
1890
1492
1276
1127
1518
1739
1940
2016
2076
2087
2226
2156
1929
1936
1897
1904
1912
1935
2007
1953
1993
2164
2232
2192
2162
2159
1941
2124
1211
1568
1666
1707
1818
1836
1867
1625
1911
2002
1679
1880
1726
1911
1844
1829
1753
1457
1733
1453
1695
1463
1763
1738
1568
1858
1412
1515
1342
1932
2029
2058
2074
2081
2047
2028
2072
1889
2045
2003
2105
1480
1930
2062
4120
4236
4146
2390
2364
2832
2307
2529
2299
1418
1379
1668
1306
1684
1083
1428
1642
1727
1847
1461
1618
971
1586
1703
1364
1484
1465
1336
1657
1701
1748
1257
1586
1569
1559
1234
1577
1581
1304
1699
1297
1597
1592
1601
1632
1478
908
2496
2378
3001
3263
3214
3257
3231
3260
2919
2976
2896
2929
1346
1304
1572
1570
1621
1401
1542
1512
2076
2514
2790
3077
3228
3277
3403
3787
3379
3284
2815
3172
3515
3797
3874
4057
4298
6075
4213
4254
3854
3893
3810
3978
3683
3605
3210
3040
3036
3011
1457
1945
2395
2782
3258
2943
3054
2617
2955
2984
3438
2863
2987
2768
2901
5354
4852
5145
3073
2490
2661
2046
2044
2154
2147
2113
1369
2153
2745
3047
3214
2285
2542
3013
3017
3112
3193
2698
2602
807
780
1005
1228
1280
554
695
810
858
936
704
645
1022
1318
937
1039
935
820
877
786
695
821
681
602
529
381
393
378
295
258
342
573
727
824
786
748
859
851
865
850
859
863
870
871
727
819
732
841
795
927
832
750
636
730
775
800
953
905
815
842
397
434
349
280
289
315
447
908
1013
1185
869
868
966
1028
1065
940
3053
4216
4787
5490
6356
5878
7209
7525
6350
8257
8461
8051
7340
7168
7549
6692
6865
10346
9559
8268
8105
7260
3503
2892
2577
4691
8528
9641
6293
6224
6811
5431
4775
4875
4196
3492
3554
3544
3428
3324
3636
4283
3530
4269
3835
4081
3276
3409
3708
3763
3831
3862
3760
3780
3585
2743
2656
4085
5070
5406
5495
5710
5770
5750
5954
5773
5478
5450
5534
4052
4389
5192
5296
5284
2827
3562
5230
7040
7965
8892
8489
7288
5773
6615
6541
6008
5832
9186
9558
6374
6743
5948
5541
5004
5051
5713
5804
5566
5067
5226
4692
5126
5144
5058
4937
4246
3583
2783
4274
5934
8935
9787
10453
10571
10685
10606
9800
9500
7235
7331
7383
680
725
776
1227
1291
858
641
639
700
955
1356
1119
1216
1009
975
895
813
742
680
788
693
565
538
475
389
308
355
365
580
738
925
1420
1412
1420
1450
1260
913
1049
832
1054
1022
1053
1112
1059
1081
896
985
927
844
918
680
633
487
621
525
489
371
344
357
528
900
1064
632
584
808
884
857
849
909
705
760
839
781
728
579
579
605
610
686
787
871
732
744
805
742
746
787
778
752
739
741
763
743
788
744
744
718
736
741
731
750
734
754
747
740
769
853
768
802
404
520
651
1210
1213
1233
1231
1435
1492
1609
1541
1604
1543
1805
1724
1551
1453
1501
1427
1408
1394
1514
1438
1420
1419
1417
1480
1414
1413
1427
1423
1418
1418
1427
1427
1497
1400
1469
1442
1452
1454
1406
1416
1429
1442
1392
1413
1417
1425
1454
372
675
735
885
995
840
988
977
924
982
928
963
933
945
947
1009
995
932
986
931
947
965
962
971
970
1034
1001
984
1008
930
867
875
772
1329
1152
1355
1379
1337
1228
1124
674
706
636
481
387
414
444
359
513
983
1173
791
672
901
1063
1024
1015
1030
1048
995
885
794
802
778
802
744
776
784
766
768
766
795
817
994
922
959
934
884
797
851
783
684
690
686
766
787
765
703
666
719
744
692
707
697
690
715
714
764
492
952
1096
1275
985
1155
1228
1244
1252
1285
1206
732
721
693
695
697
686
688
659
690
697
710
694
737
714
687
745
716
773
699
699
693
696
665
702
735
668
680
696
694
696
713
715
697
684
686
697
684
726
724
363
570
1027
1218
1363
1367
1274
1279
2284
3059
3410
3956
3102
3718
3993
4904
5289
5070
4866
4201
4013
4456
3921
4510
6317
5560
3643
3712
2954
3125
3491
3586
3421
3333
3497
3634
1826
2575
3975
4458
4665
4387
4862
5810
5177
4894
5439
5654
5257
4602
6609
7147
6997
7489
6896
6941
6453
6187
3786
3569
4287
4156
4183
3901
3121
2452
2584
2543
2083
1640
1544
1507
1522
1529
2452
2959
3865
3995
4020
5106
6012
4537
4352
3779
3148
3862
4392
3905
3736
3048
3283
3106
3660
4093
3851
3991
3927
3280
2924
2535
2483
1941
1665
1786
1790
1768
1549
1596
1561
1187
1264
1827
2736
2595
2361
2929
3209
3485
3722
3678
4868
5184
6464
6937
7532
6871
7014
6176
4007
3502
3742
3801
3639
2990
2675
2656
2116
2267
2179
2214
2202
2228
2211
2205
2187
2230
2271
2123
2166
2221
2181
2292
2222
2182
2205
2244
2302
2208
2223
2187
2218
1876
3093
3898
5486
4682
2619
2085
2413
3029
3630
4127
3322
3485
2742
2752
3245
3333
2874
3154
2879
2749
2350
1853
1741
2390
3526
4234
6110
6217
6183
6228
6650
6658
6401
6374
6411
6737
306
345
315
369
264
274
407
550
360
490
297
300
255
289
305
190
185
195
142
149
153
161
118
123
121
100
121
149
162
163
167
223
285
343
327
296
340
349
328
300
199
196
216
219
215
210
214
179
147
156
135
143
134
86
124
275
295
224
248
221
262
287
245
261
303
275
240
250
215
240
222
244
225
132
106
81
76
82
166
232
203
231
220
226
204
205
205
203
257
260
254
222
312
319
313
302
278
275
164
145
150
171
172
131
83
92
66
77
88
150
179
205
222
189
167
149
165
170
259
270
248
174
155
174
162
163
161
139
127
102
129
92
91
154
226
221
239
287
281
281
266
266
249
242
229
291
186
165
179
285
287
263
277
287
269
292
289
296
288
301
289
288
289
290
286
292
287
288
289
301
290
290
291
290
159
143
139
140
116
117
121
129
96
130
277
281
366
378
376
355
388
388
375
369
377
372
350
341
339
228
178
176
134
131
111
97
80
82
110
226
260
199
209
238
190
207
205
201
167
222
184
169
142
201
170
207
168
152
162
147
120
102
99
76
71
70
71
87
148
288
318
317
317
296
269
244
270
235
237
234
231
250
213
215
213
194
167
160
164
146
136
139
159
180
167
159
161
161
161
164
196
180
159
166
166
158
158
159
159
159
161
159
159
158
158
158
160
85
159
179
228
228
254
214
242
263
265
259
276
321
284
278
280
277
276
293
340
328
240
92
162
158
200
205
200
230
235
216
231
238
232
324
234
237
220
232
282
217
197
155
109
112
86
82
134
171
185
188
200
232
253
212
220
233
278
167
166
182
163
164
161
159
160
172
161
158
160
159
159
194
195
234
162
153
145
190
183
175
87
158
163
214
237
212
226
209
192
297
306
336
362
360
348
323
292
265
268
266
266
270
268
268
279
268
270
265
270
267
267
266
267
268
266
291
269
304
267
197
196
157
142
119
117
113
83
102
214
257
301
349
344
393
400
342
356
263
234
237
190
185
161
212
192
186
145
149
96
104
105
83
81
134
161
195
255
258
228
265
206
204
228
331
337
340
387
345
327
294
194
182
184
175
140
121
105
77
82
137
166
186
167
215
243
227
257
246
230
197
187
174
214
217
306
282
269
256
257
241
241
241
239
209
209
114
114
101
75
76
89
159
179
291
325
410
406
362
329
321
296
280
248
241
251
266
249
247
192
193
186
172
162
127
93
98
96
98
94
80
70
87
157
199
215
193
226
202
241
211
170
159
201
192
186
191
208
303
267
280
256
93
152
300
295
268
366
277
277
272
279
280
275
278
279
283
282
321
292
292
303
261
228
132
141
174
174
176
170
178
183
165
172
140
125
99
83
82
91
119
166
207
254
261
327
294
300
297
304
280
290
249
359
378
357
339
350
310
344
328
234
473
283
503
391
436
573
359
344
309
267
130
643
150
198
328
169
153
102
330
229
383
256
261
274
271
429
381
445
422
233
408
211
210
442
291
386
206
200
92
366
114
171
423
274
238
359
276
396
297
414
301
284
364
246
244
235
198
179
201
160
184
168
140
149
148
117
122
300
263
276
304
254
355
380
265
266
365
286
291
371
498
363
337
287
277
261
246
248
250
252
250
252
254
249
252
249
228
145
163
114
92
140
86
82
118
145
173
267
340
217
269
251
244
245
236
237
281
247
249
298
305
234
200
191
209
173
139
154
168
122
104
82
80
103
150
182
300
322
360
260
243
198
227
249
252
264
237
210
238
201
212
185
137
134
115
98
82
71
93
163
160
181
170
189
210
233
323
357
239
250
257
248
223
227
217
188
204
261
190
192
161
167
170
151
120
102
106
85
81
77
100
143
117
119
241
259
282
271
293
294
222
241
251
243
214
224
183
169
160
110
128
105
100
73
91
82
128
152
183
172
221
204
245
249
204
221
341
341
363
371
397
324
328
326
326
327
319
343
366
318
313
341
314
319
313
290
181
186
148
146
156
76
96
135
166
214
205
254
253
286
271
307
295
268
262
225
309
308
342
295
280
274
268
158
147
155
164
150
154
123
82
81
34
76
109
237
237
238
241
345
259
254
1126
1448
1448
1444
1488
2416
2131
2100
1715
1763
2598
2653
2805
2653
2180
1440
1312
1489
1346
1594
1491
1466
1485
1467
1434
1457
1470
1459
1428
1471
1468
1427
1458
1462
1481
1476
1449
1469
1556
1450
1509
1447
1473
1438
1443
1470
1444
1514
1441
1471
736
1029
1296
1691
2573
2610
2430
2616
2857
2624
1774
2555
2710
2561
1679
1978
1869
2080
1791
1964
1392
1568
1223
968
961
798
797
730
407
701
1086
1405
1481
1865
1618
1735
2165
2304
2172
2312
2903
3310
3250
3140
2901
3182
2967
2895
2927
2983
2953
2941
2919
2996
2908
2907
2997
2921
2956
3032
3105
3161
3050
3032
2988
2955
2929
3020
2920
2916
2990
2924
2918
2981
2919
2920
2919
3019
2916
722
1137
1563
1586
1725
2054
1901
1788
2157
1861
1781
1825
2046
1786
1665
1733
2548
2394
2155
2212
1364
1262
971
799
811
810
701
1118
1406
1378
1685
1725
1613
1687
1725
1561
1156
1665
1908
1761
1641
1228
1895
1950
1134
1166
1032
806
835
693
708
1158
1438
1742
1542
1734
1318
1067
961
1054
1253
1438
1443
1473
1544
1573
1766
2504
2237
2166
2069
1962
905
859
910
820
652
328
1005
1864
2238
2462
2664
2804
2551
2610
2487
1758
2653
2452
2553
1649
1849
1972
1671
1639
1378
1283
1404
1360
1349
731
1050
1394
1113
1294
1248
1441
1256
1081
861
1064
1332
1710
1138
1224
1181
1008
1025
1107
1065
1104
1325
1362
1503
1515
1402
925
806
623
617
799
1159
1693
1602
1870
1889
1934
1841
1827
1571
1513
1593
1512
1761
1780
1533
1504
1336
1542
1589
1926
1859
1694
1538
1342
1362
1441
1425
730
1206
1481
1632
2093
1651
1450
1327
1294
1279
1567
1400
1417
1543
1279
1385
1348
1441
1218
1333
1765
1106
891
929
665
850
1820
1928
2220
2282
2593
2694
2595
2696
2397
2323
2714
2613
2371
2409
2272
2350
2268
1470
1338
1291
1105
1081
1132
1125
1152
1117
1137
876
837
679
646
309
735
1368
1558
1475
1302
1518
1491
1454
1425
1483
1637
1669
1799
2479
2548
2512
1598
1518
1594
1537
1516
1477
1058
1151
952
953
693
638
261
743
1127
1191
1561
1936
2039
1961
2119
2097
2037
1843
1903
1941
2081
2176
2203
3013
2606
2541
2186
2255
1865
1916
1064
1123
976
811
729
626
578
571
721
1060
1418
1702
2057
2437
2537
2485
2506
2524
2212
2743
2719
2749
2917
2612
2296
2278
2150
1442
1677
1472
1572
1571
1483
1481
1462
1390
1163
1080
1029
1155
1073
905
985
927
911
926
753
931
1752
2137
2074
1370
1338
1134
1388
1306
1628
1295
1663
1654
1935
2019
2018
2221
2047
2028
2037
2032
2096
2095
2041
2035
2009
2070
2044
2043
2027
2055
2109
852
1905
1934
1324
1334
1726
1929
1906
1915
1984
1543
1747
2048
1820
1695
1818
1831
1752
1819
1754
1718
1708
1776
1691
1749
1738
1755
1702
1706
1773
1795
1706
1735
1708
1706
1729
1745
1713
1757
1739
1684
1694
1737
1673
1676
1714
1685
1710
1881
1762
730
1169
2079
2357
2583
2738
2058
1893
2039
2333
2364
2243
2048
2165
2047
2042
1893
2182
2028
2007
1614
1479
1730
1745
1767
1718
1748
1763
1751
1740
1746
1719
1683
1780
1712
1751
1814
1760
1755
1734
1791
1723
1727
1795
1715
1723
1687
1685
1766
1714
755
1163
1698
1735
2096
2031
2295
1965
2373
2482
2387
2367
3387
3286
3284
3453
3163
2604
2599
2514
2142
1956
1763
1583
1448
1387
1380
1381
1384
1740
1662
1449
1290
1292
1403
986
1763
2186
2170
2101
2171
2553
2314
2289
2254
2644
2638
2356
2387
2254
1439
2393
1634
1446
1490
1386
1289
1214
1194
980
708
739
710
573
295
727
1087
1420
1630
1921
2366
3050
2929
3016
3381
3227
3611
3411
3315
3188
3204
3155
3314
3036
2802
2767
2554
2525
2389
2481
1558
1429
1247
1318
1373
1360
1447
1375
1314
1157
1177
909
1934
2092
2274
2595
1633
1674
2078
1968
1942
1593
1579
1863
1764
1918
2049
2077
2160
1966
1913
2007
1775
1792
1914
1618
1575
1439
1082
955
810
662
660
695
792
1179
1646
2566
2794
1964
2033
1880
2043
1959
1999
1954
1625
1461
1654
1808
2039
2163
1865
1840
2117
1828
1329
1239
1380
1234
967
955
922
1040
865
747
563
913
1910
2044
2280
2599
2587
2790
2060
2419
2275
2149
2368
2578
2390
1912
1730
1589
1628
1393
1392
1317
1270
1325
935
810
835
630
668
767
1275
1383
1364
1391
1419
1561
1215
1614
1741
1816
2099
1777
2439
2640
2722
2803
2750
2114
2651
2159
1904
896
894
696
739
727
799
1380
1624
1923
1872
1919
1910
2230
3078
2785
1947
2180
1963
2193
2049
2040
1790
2877
4343
5850
6380
7183
6563
2466
2890
4772
5320
322
259
189
171
212
311
264
189
137
140
226
207
130
173
143
209
248
223
253
239
218
288
274
256
180
163
182
118
118
117
107
92
91
96
81
68
51
56
76
106
111
123
140
174
173
215
201
196
197
175
162
229
216
213
229
224
230
220
217
215
197
195
184
198
204
205
205
193
159
185
181
180
186
106
93
67
73
169
194
131
113
106
135
156
211
210
201
242
209
180
182
188
167
151
144
126
114
102
86
59
65
49
63
100
125
138
156
183
284
280
252
180
177
189
156
132
122
106
91
62
51
61
105
103
141
174
161
182
223
224
187
208
252
188
169
170
172
168
208
137
107
101
102
83
74
47
106
112
129
153
243
256
257
287
314
287
276
252
177
147
154
134
131
137
123
113
126
112
100
77
64
44
46
62
91
107
129
160
179
169
180
193
182
250
173
146
131
115
106
96
104
75
81
80
52
63
87
111
125
157
150
122
139
176
195
196
177
185
168
162
177
163
158
161
146
129
116
103
86
93
102
102
100
102
101
105
130
103
99
101
104
99
99
102
100
101
100
101
100
100
101
102
99
100
98
58
101
95
144
149
196
179
163
186
196
190
157
155
140
172
250
167
143
133
117
120
102
106
104
103
106
106
103
102
106
104
104
101
105
103
103
104
105
103
109
103
103
107
106
103
103
104
102
102
106
59
77
124
119
147
163
167
198
218
184
183
145
153
159
160
168
151
168
130
116
99
86
74
76
71
58
78
91
116
148
147
172
195
190
180
182
185
186
176
296
271
239
174
138
126
122
106
96
83
72
50
51
66
85
132
133
142
156
183
210
202
194
182
198
269
263
267
259
243
234
156
154
154
136
140
122
130
105
98
97
84
94
72
56
58
72
94
130
164
181
180
175
174
177
195
177
205
189
191
197
197
236
240
204
206
189
179
198
199
198
201
198
200
197
200
198
198
195
198
198
197
197
197
200
198
198
198
198
197
206
198
198
197
198
198
57
101
113
140
167
175
193
207
201
220
296
263
247
253
161
156
142
150
124
123
111
113
111
90
92
80
65
51
81
71
112
159
154
149
150
154
157
236
252
241
246
169
172
171
152
160
148
154
151
152
163
152
146
140
130
135
103
101
102
91
73
58
60
88
110
146
175
161
194
269
276
250
200
197
193
195
172
160
158
144
137
124
115
121
99
86
87
81
89
87
62
48
45
68
159
172
179
212
226
155
160
183
206
186
184
175
170
162
148
132
122
126
112
97
94
98
87
85
74
46
56
96
117
134
153
165
203
191
270
203
189
194
195
199
185
182
175
183
157
159
153
156
156
154
154
161
168
174
169
169
167
152
153
145
145
145
148
143
146
148
149
146
151
154
152
154
154
159
157
153
65
102
114
163
146
168
172
193
181
248
253
230
244
150
155
143
121
101
89
73
62
65
85
108
140
161
176
159
157
143
155
231
229
198
204
205
222
222
123
119
116
118
117
88
94
79
67
63
105
117
147
157
152
195
187
228
210
200
182
247
251
257
180
162
159
142
113
108
108
106
106
103
107
106
104
102
103
102
105
100
100
103
107
103
101
103
102
105
102
99
102
101
101
102
102
108
104
58
76
115
166
166
188
277
257
282
277
302
192
194
172
175
182
178
174
195
179
173
174
176
172
170
169
170
170
170
177
178
186
184
178
176
181
175
166
170
169
171
173
173
172
170
169
170
170
170
171
60
100
181
207
222
263
261
248
168
184
182
163
171
180
190
165
156
159
136
130
115
125
121
110
120
78
84
92
78
64
48
55
105
119
128
136
153
195
221
211
288
276
258
245
232
236
61
92
117
130
143
174
232
213
205
153
151
173
174
172
175
178
181
182
153
220
193
192
192
181
182
106
91
79
67
81
55
69
116
117
161
185
176
166
188
216
187
216
324
265
262
267
257
249
249
250
248
231
232
222
216
223
199
202
184
194
202
197
200
201
199
193
165
142
145
147
153
158
80
82
66
65
105
134
130
143
171
200
212
198
204
224
285
287
211
211
200
195
210
180
166
155
122
107
96
98
85
62
53
74
161
194
202
237
221
173
169
173
187
193
195
184
159
172
158
157
158
141
112
121
107
97
100
102
67
84
108
162
151
178
177
195
207
269
261
258
267
276
275
265
263
250
263
249
261
262
269
251
264
251
259
251
261
255
259
248
260
249
260
255
276
268
276
256
263
250
260
251
268
259
266
251
262
250
64
82
111
146
159
199
234
223
175
162
157
159
152
156
155
129
135
116
97
90
79
74
64
93
113
127
149
157
172
157
248
224
229
227
161
159
147
151
146
145
170
171
172
173
151
150
149
152
151
128
127
123
107
96
81
78
60
62
60
60
46
47
22
69
102
130
141
143
150
174
181
208
205
199
198
200
202
202
204
206
205
202
201
199
201
235
198
200
197
198
199
198
197
198
197
197
199
199
198
198
197
199
199
202
177
235
245
239
233
235
230
214
203
63
106
114
127
129
130
136
134
135
131
130
132
105
109
111
116
103
94
147
148
241
227
242
153
135
140
124
114
110
112
102
108
113
63
92
110
133
159
184
236
249
250
219
208
197
254
260
257
257
250
248
235
174
167
168
173
169
239
225
150
149
153
154
154
153
155
154
154
154
155
153
153
156
155
155
152
155
155
153
154
157
157
154
68
99
102
194
226
240
268
259
280
208
204
182
184
180
171
158
124
109
109
100
78
78
62
68
53
51
59
79
119
152
165
169
174
218
196
182
193
193
167
287
225
220
198
209
201
188
107
80
78
80
64
69
50
51
50
59
103
125
132
155
163
135
142
163
155
144
222
240
243
256
256
261
262
257
296
257
253
256
258
256
255
254
256
254
259
255
257
256
257
255
253
257
254
264
254
253
258
255
257
253
259
253
254
254
254
59
107
128
147
177
191
229
217
191
260
254
183
176
168
150
127
104
120
112
107
77
47
57
96
114
147
222
240
228
248
242
232
246
248
250
184
191
174
180
182
180
165
145
125
134
103
92
75
77
59
21
64
83
116
145
178
222
223
213
179
178
196
203
269
260
249
234
248
241
237
215
219
217
140
138
114
117
120
118
91
77
81
65
49
65
108
146
156
189
173
248
261
270
253
264
294
275
277
292
271
281
283
285
278
282
280
277
279
279
283
280
279
280
281
282
282
280
279
285
279
309
287
281
283
281
280
281
280
281
281
283
276
285
280
65
90
131
176
185
183
200
199
192
188
263
266
250
276
192
193
190
168
173
175
167
165
169
168
168
167
167
166
169
167
169
167
167
170
196
187
168
171
169
168
169
171
168
170
168
168
168
168
170
169
63
110
110
158
161
190
188
216
300
207
220
193
200
174
180
166
152
159
169
148
135
123
127
122
112
116
96
95
92
93
92
68
109
128
154
153
166
187
231
229
210
208
184
183
186
173
201
173
149
134
113
103
101
105
103
78
67
52
49
50
50
61
111
114
155
158
186
211
203
211
205
208
201
208
192
164
250
168
171
163
152
117
106
86
89
89
77
49
49
57
102
124
141
150
161
195
204
183
198
269
258
197
203
182
191
161
168
165
154
155
152
153
153
152
152
151
152
151
152
153
180
152
155
153
151
149
150
154
154
149
150
150
151
153
155
155
156
150
152
58
99
193
184
221
287
248
244
281
285
327
311
304
294
287
294
292
287
289
292
287
286
290
291
289
287
323
316
297
303
290
286
294
296
305
278
257
278
291
291
294
272
272
271
261
258
260
162
138
128
58
99
135
167
180
175
208
219
202
199
206
197
197
278
216
209
188
172
154
157
139
145
121
119
105
107
108
90
87
70
136
113
146
152
200
225
229
206
201
176
258
265
252
168
167
155
129
103
75
84
119
134
179
177
185
199
178
193
164
258
178
177
163
149
161
147
147
118
113
112
102
85
74
76
71
75
254
271
183
162
237
203
273
291
271
303
283
329
326
343
311
317
264
255
262
5207
5019
966
879
742
997
1072
1095
1004
1229
1439
1256
1450
1373
1355
1077
1041
1047
1061
991
566
658
817
899
1283
1486
1513
1536
1100
1146
976
917
864
796
770
832
797
639
616
623
574
506
578
448
446
446
448
611
905
883
1122
1294
1238
1212
1221
1260
1299
1063
1028
925
966
930
871
891
875
850
887
894
895
767
694
703
703
626
503
447
595
937
965
1148
1249
1388
1442
1689
1587
1561
1464
1359
996
956
833
848
723
684
639
606
551
455
459
613
963
1096
1144
1131
1269
1365
1401
1521
1425
1412
1361
1308
1239
1229
1210
1220
1221
1232
1219
1313
1275
1245
1270
1298
1232
1243
1266
1248
1206
1215
1247
1255
1236
1235
1218
1212
1214
1221
1237
1220
1215
1246
1237
1253
1239
1259
1232
1211
1216
514
691
831
1003
852
756
818
836
729
797
889
905
905
813
924
1491
1125
1162
1195
1103
1089
1084
1168
818
742
666
630
568
580
612
511
448
